{"F": [{"answer_predict": "F", "data_pose_track": [[0.0, 0.0, 0.0, 0.0, 0.0, 0.0], [0.0, 0.0, 0.0, 0.0, 0.0, 0.0], [0.4428396224975586, 0.6276852041482925, 0.16406625509262085, -0.3613452911376953, 0.41845084726810455, -1.1281042098999023], [0.4372461438179016, 0.6284253001213074, 0.2208053469657898, -0.36324094980955124, 0.45113837718963623, -1.14329993724823], [0.4346272349357605, 0.6322593539953232, 0.07202184200286865, -0.3605832904577255, 0.4686528295278549, -1.0626362562179565], [0.43128690123558044, 0.6333450973033905, 0.2938534617424011, -0.35402147471904755, 0.47538694739341736, -1.0236531496047974], [0.43353700637817383, 0.6353322565555573, 0.2631228566169739, -0.3575747236609459, 0.5051796734333038, -0.9167810678482056], [0.43968987464904785, 0.6356569975614548, 0.27356892824172974, -0.36249886453151703, 0.5082331746816635, -0.8744598627090454], [0.43158507347106934, 0.6330212503671646, 0.05485093593597412, -0.35961204767227173, 0.5008912831544876, -0.8921822309494019], [0.17069315910339355, 0.46928317844867706, -0.43386971950531006, -0.388507679104805, 0.5065707117319107, -0.6479175090789795], [-0.07833912968635559, 0.35964882373809814, -0.44749993085861206, -0.3459601253271103, 0.46653521060943604, -0.5581143498420715], [-0.10858079791069031, 0.3487299680709839, -0.5019899606704712, -0.34224817156791687, 0.4558071494102478, -0.6428694725036621], [-0.10130411386489868, 0.35328732430934906, -0.45712292194366455, -0.3264293372631073, 0.44762443006038666, -0.6408810615539551], [-0.09718453884124756, 0.35518117249011993, -0.31206876039505005, -0.19477665424346924, 0.42069216072559357, -0.5148548483848572], [-0.11048367619514465, 0.3572508841753006, -0.24693262577056885, -0.08095136284828186, 0.37706924974918365, -0.5211546421051025], [-0.10722717642784119, 0.35495832562446594, -0.4720200300216675, -0.2831043154001236, 0.4780537784099579, -0.5406949520111084], [-0.09381073713302612, 0.3553757965564728, -0.6003337502479553, -0.35145363211631775, 0.4901997745037079, -0.5373517870903015], [-0.10211604833602905, 0.3524782061576843, -0.5665885806083679, -0.37462402880191803, 0.5052210688591003, -0.5650725960731506], [-0.10689777135848999, 0.34871938824653625, -0.5886299014091492, -0.3737110495567322, 0.5046189725399017, -0.5908946394920349], [-0.10184690356254578, 0.35004614293575287, -0.5307078957557678, -0.3526966869831085, 0.4668159931898117, -0.6263715624809265], [-0.09589436650276184, 0.35454319417476654, -0.5139338970184326, -0.3861813545227051, 0.5022011250257492, -0.4951838254928589], [-0.1005111038684845, 0.351566880941391, -0.44047194719314575, -0.37482959777116776, 0.4825722873210907, -0.5480145812034607]], "data_reduce_dim": [[1.480548453643351, 1.5834545781719425, 1.080013085555283, -0.7868112750646963, 0.9754900881279043, -2.4987287438898296], [1.5834545781719425, 4.517954053950471, -1.359693774920581, -3.1119585423729985, 4.320447608753919, -7.149887407876394], [1.080013085555283, -1.359693774920581, 3.3126147605690903, 1.5703136902152495, -2.2668569016067135, 2.165736149533071], [-0.7868112750646963, -3.1119585423729985, 1.5703136902152495, 2.342958511374672, -3.1950928546764166, 4.942642861513571], [0.9754900881279043, 4.320447608753919, -2.2668569016067135, -3.1950928546764166, 4.471933624739356, -6.819630793396447], [-2.4987287438898296, -7.149887407876394, 2.165736149533071, 4.942642861513571, -6.819630793396447, 11.437378069964648]], "joints_tracked_reference": [0], "joints_tracked": [15, 16], "joints_trigger_reference": [9], "joints_trigger": [4, 8, 12, 16, 20], "par_trigger_dist": 0.025, "par_trigger_length": 15, "time_gest": 4.0302605628967285, "time_classifier": 0.0}, {"answer_predict": "F", "data_pose_track": [[0.3510022461414337, 0.6151928305625916, -0.09529370069503784, -0.35882291197776794, 0.5056259632110596, -0.7363163232803345], [0.3487706482410431, 0.6175874471664429, -0.1036195158958435, -0.3590249940752983, 0.5090883374214172, -0.6822706460952759], [0.35109424591064453, 0.6190049797296524, -0.07975965738296509, -0.37987465411424637, 0.5175678879022598, -0.6825036406517029], [0.345725953578949, 0.6200070381164551, -0.07858222723007202, -0.36838941276073456, 0.5100070834159851, -0.693505585193634], [0.30129826068878174, 0.6164811253547668, -0.12411290407180786, -0.3679437041282654, 0.5101197361946106, -0.6761037707328796], [0.15944045782089233, 0.5656663328409195, -0.17109525203704834, -0.39424294978380203, 0.5099389106035233, -0.6447169780731201], [0.01730358600616455, 0.41801565885543823, -0.5409457683563232, -0.4008253365755081, 0.5143205523490906, -0.5033071041107178], [-0.053139835596084595, 0.3414240628480911, -0.6575217247009277, -0.39186134934425354, 0.5152812153100967, -0.46581923961639404], [-0.06389409303665161, 0.32844504714012146, -0.5811358690261841, -0.3825189918279648, 0.5152263343334198, -0.4015852212905884], [-0.059886038303375244, 0.32309481501579285, -0.6156139373779297, -0.37340012192726135, 0.5143443048000336, -0.45366477966308594], [-0.04954966902732849, 0.33058033883571625, -0.6089603900909424, -0.3640299290418625, 0.5144845098257065, -0.42465639114379883], [-0.05783304572105408, 0.32739080488681793, -0.5928018093109131, -0.36356794834136963, 0.5143907219171524, -0.35818278789520264], [-0.05376249551773071, 0.33032453060150146, -0.5776259899139404, -0.36615128815174103, 0.5192622542381287, -0.32162415981292725], [-0.05805331468582153, 0.327062726020813, -0.5765379667282104, -0.36659713089466095, 0.5187057256698608, -0.3752793073654175], [-0.06109040975570679, 0.3262091428041458, -0.5645333528518677, -0.36622898280620575, 0.5152810364961624, -0.37315845489501953], [-0.06273749470710754, 0.3253554254770279, -0.532172441482544, -0.3666588366031647, 0.5137787610292435, -0.37489211559295654], [-0.0627577006816864, 0.3261607140302658, -0.5254104137420654, -0.3663864880800247, 0.5125191062688828, -0.3508979082107544], [-0.062276750802993774, 0.3251417875289917, -0.4746934175491333, -0.36600348353385925, 0.5115295648574829, -0.3045535087585449], [-0.06500938534736633, 0.32589875161647797, -0.49431610107421875, -0.3718208819627762, 0.5115393847227097, -0.39853644371032715], [-0.06519222259521484, 0.32406122982501984, -0.5449596643447876, -0.37218642234802246, 0.5097678452730179, -0.3696579933166504]], "data_reduce_dim": [[0.6506527210793864, 0.892271070452046, 0.23719964047346664, -0.40529768497789553, 0.5583761198525954, -0.995276160380957], [0.892271070452046, 3.7991982840765663, -3.0298634090692422, -3.102757219569283, 4.271611538413367, -4.349673720188711], [0.23719964047346664, -3.0298634090692422, 4.551608176152673, 3.1852104674613466, -4.390240946847814, 3.5458494564768337], [-0.40529768497789553, -3.102757219569283, 3.1852104674613466, 2.775136256032135, -3.8212565602979414, 3.5742033726025464], [0.5583761198525954, 4.271611538413367, -4.390240946847814, -3.8212565602979414, 5.266459066619707, -4.916589611127324], [-0.995276160380957, -4.349673720188711, 3.5458494564768337, 3.5742033726025464, -4.916589611127324, 5.008636956836849]], "joints_tracked_reference": [0], "joints_tracked": [15, 16], "joints_trigger_reference": [9], "joints_trigger": [4, 8, 12, 16, 20], "par_trigger_dist": 0.025, "par_trigger_length": 15, "time_gest": 4.032335519790649, "time_classifier": 0.0}, {"answer_predict": "F", "data_pose_track": [[0.3267955183982849, 0.6472393423318863, 0.03825545310974121, -0.3902460113167763, 0.5162941366434097, -0.6554058790206909], [0.3236476480960846, 0.6476884931325912, 0.0554882287979126, -0.3856906518340111, 0.5146853178739548, -0.7130558490753174], [0.32390454411506653, 0.6482166796922684, 0.038168907165527344, -0.3809021934866905, 0.5151319652795792, -0.7037715911865234], [0.32278192043304443, 0.6484630256891251, 0.011928319931030273, -0.37528926879167557, 0.5144126564264297, -0.7079136371612549], [0.3223750591278076, 0.6486045569181442, 0.06247556209564209, -0.37496576458215714, 0.5143390744924545, -0.6718389987945557], [0.3224943280220032, 0.6488676816225052, 0.07106935977935791, -0.37488197535276413, 0.5144899040460587, -0.664289116859436], [0.32026585936546326, 0.6496075689792633, 0.07217788696289062, -0.37210940569639206, 0.5155068933963776, -0.6582231521606445], [0.32275545597076416, 0.6497133672237396, 0.07016897201538086, -0.37422388792037964, 0.5155265629291534, -0.6521673202514648], [0.2773423194885254, 0.6525937467813492, -0.0631645917892456, -0.3694077357649803, 0.5185426026582718, -0.607940673828125], [0.043569207191467285, 0.4397261142730713, -0.4946731925010681, -0.38674355298280716, 0.5228225588798523, -0.6536205410957336], [-0.06918492913246155, 0.35547588765621185, -0.5891826748847961, -0.3847445622086525, 0.5219811648130417, -0.5241454243659973], [-0.07231628894805908, 0.3450327217578888, -0.632129430770874, -0.3773728534579277, 0.5171403586864471, -0.6060845851898193], [-0.07180166244506836, 0.3474041670560837, -0.593365490436554, -0.3625165671110153, 0.5128041952848434, -0.5487597584724426], [-0.07861456274986267, 0.34600625932216644, -0.6485558748245239, -0.3654704838991165, 0.5085456818342209, -0.6020445823669434], [-0.06988608837127686, 0.34913137555122375, -0.5476465821266174, -0.3482511192560196, 0.49020716547966003, -0.5766443610191345], [-0.06663480401039124, 0.35046204924583435, -0.6691591143608093, -0.34340736269950867, 0.4926668107509613, -0.5974591374397278], [-0.07609644532203674, 0.3500555753707886, -0.5195022821426392, -0.28067073225975037, 0.4239184260368347, -0.5995476245880127], [-0.06781837344169617, 0.35190701484680176, -0.6192412972450256, -0.29410481452941895, 0.44777631759643555, -0.53141850233078], [-0.07213598489761353, 0.350212961435318, -0.5210754871368408, -0.3165409415960312, 0.4607327878475189, -0.49833130836486816], [-0.06853854656219482, 0.3516131341457367, -0.5342137813568115, -0.3295493423938751, 0.4749542772769928, -0.5443567037582397]], "data_reduce_dim": [[0.9650993703775335, 1.627347824040207, 0.5150857900283032, -0.8552925362935424, 1.152195353844272, -1.5487595748330438], [1.627347824040207, 5.2073759618912625, -2.0403487399890636, -3.5648928060870544, 4.936798445796629, -6.171463312055129], [0.5150857900283032, -2.0403487399890636, 3.7512885900523756, 2.0629151695549073, -2.933178559505979, 3.39395045441902], [-0.8552925362935424, -3.5648928060870544, 2.0629151695549073, 2.601362825883938, -3.6141707762369757, 4.448862590737321], [1.152195353844272, 4.936798445796629, -2.933178559505979, -3.6141707762369757, 5.027007054251224, -6.18377833824829], [-1.5487595748330438, -6.171463312055129, 3.39395045441902, 4.448862590737321, -6.18377833824829, 7.664140292317633]], "joints_tracked_reference": [0], "joints_tracked": [15, 16], "joints_trigger_reference": [9], "joints_trigger": [4, 8, 12, 16, 20], "par_trigger_dist": 0.025, "par_trigger_length": 15, "time_gest": 4.033888339996338, "time_classifier": 0.0}, {"answer_predict": "F", "data_pose_track": [[0.32194456458091736, 0.6311984658241272, -0.027534663677215576, -0.3798196241259575, 0.5119279026985168, -0.6278232336044312], [0.3230102062225342, 0.6324919313192368, -0.07657605409622192, -0.36973024904727936, 0.5190127938985825, -0.6360087394714355], [0.322218656539917, 0.6317523419857025, 0.0019002556800842285, -0.36630506068468094, 0.5197611749172211, -0.6000982522964478], [0.32218703627586365, 0.6311385929584503, -0.11423414945602417, -0.3654944449663162, 0.5182091295719147, -0.6517040729522705], [0.3253233730792999, 0.6303645074367523, -0.005752444267272949, -0.3680514842271805, 0.5180222690105438, -0.5903254747390747], [0.1962144374847412, 0.5709346383810043, -0.07110774517059326, -0.3811952695250511, 0.5187705606222153, -0.5219786167144775], [0.0005371570587158203, 0.4076601266860962, -0.4983736276626587, -0.39434153586626053, 0.5186253190040588, -0.5411921739578247], [-0.0659705400466919, 0.34124940633773804, -0.5900925397872925, -0.38270948827266693, 0.5173464417457581, -0.48787903785705566], [-0.08943483233451843, 0.3250507712364197, -0.5303890705108643, -0.3667251169681549, 0.47759032249450684, -0.5569279193878174], [-0.0761488676071167, 0.33146950602531433, -0.40841400623321533, -0.362572118639946, 0.48094019293785095, -0.2737210988998413], [-0.0803138017654419, 0.3286851644515991, -0.48897063732147217, -0.3464979976415634, 0.4804403781890869, -0.4693760871887207], [-0.0778249204158783, 0.33027979731559753, -0.46670591831207275, -0.3472617268562317, 0.4845958650112152, -0.37570977210998535], [-0.08171206712722778, 0.3258540779352188, -0.6047302484512329, -0.35038337111473083, 0.483073428273201, -0.5654754638671875], [-0.08278608322143555, 0.3283785581588745, -0.5218119621276855, -0.3508296608924866, 0.4720526933670044, -0.6256567239761353], [-0.07980701327323914, 0.33021044731140137, -0.49615776538848877, -0.35186851024627686, 0.47565776109695435, -0.4980088472366333], [-0.07418015599250793, 0.33192233741283417, -0.3913155794143677, -0.34968604147434235, 0.4748455137014389, -0.313213586807251], [-0.07844486832618713, 0.33027753233909607, -0.4168846607208252, -0.28397536277770996, 0.40568265318870544, -0.572411298751831], [-0.08335590362548828, 0.3265901207923889, -0.47820329666137695, -0.3278360068798065, 0.43994033336639404, -0.5459705591201782], [-0.08213672041893005, 0.32796306908130646, -0.5256421566009521, -0.33578281104564667, 0.46517403423786163, -0.44863247871398926], [-0.08359494805335999, 0.32656706869602203, -0.45690250396728516, -0.34402017295360565, 0.4780542403459549, -0.4547041654586792]], "data_reduce_dim": [[0.6428439250761198, 0.7906544763701233, 0.42234330617342764, -0.3140921711793394, 0.4493205449381441, -0.6096238171457742], [0.7906544763701233, 3.8976918360327764, -2.4857047279613065, -3.029620501146879, 4.163586687827792, -4.517468200812834], [0.42234330617342764, -2.4857047279613065, 3.451188843162768, 2.520713043569094, -3.42919621578556, 3.5308374170235055], [-0.3140921711793394, -3.029620501146879, 2.520713043569094, 2.5492301040136987, -3.489699169484912, 3.6955937105299936], [0.4493205449381441, 4.163586687827792, -3.42919621578556, -3.489699169484912, 4.780249362332303, -5.068588687335227], [-0.6096238171457742, -4.517468200812834, 3.5308374170235055, 3.6955937105299936, -5.068588687335227, 5.573019623862379]], "joints_tracked_reference": [0], "joints_tracked": [15, 16], "joints_trigger_reference": [9], "joints_trigger": [4, 8, 12, 16, 20], "par_trigger_dist": 0.025, "par_trigger_length": 15, "time_gest": 4.042372941970825, "time_classifier": 0.0}, {"answer_predict": "F", "data_pose_track": [[0.2879561185836792, 0.6277307420969009, 0.14845287799835205, -0.378386951982975, 0.5027564316987991, -0.5597472190856934], [0.28527018427848816, 0.6243462562561035, 0.0728064775466919, -0.37851056456565857, 0.4988892674446106, -0.6036202907562256], [0.28450044989585876, 0.6262302249670029, 0.17221391201019287, -0.3817024379968643, 0.5018353909254074, -0.6375490427017212], [0.28163108229637146, 0.6261079460382462, 0.14392578601837158, -0.37549423426389694, 0.4982583075761795, -0.6363826990127563], [0.25673583149909973, 0.6275348663330078, 0.05929458141326904, -0.38404061645269394, 0.5062648057937622, -0.5890926122665405], [0.12894785404205322, 0.5689857304096222, -0.14287734031677246, -0.3934582322835922, 0.5058073699474335, -0.6472662687301636], [-0.021274983882904053, 0.4166494160890579, -0.39317870140075684, -0.39956100285053253, 0.5055153518915176, -0.536943793296814], [-0.08082091808319092, 0.3457261621952057, -0.5170102119445801, -0.38137350231409073, 0.5016712844371796, -0.46165192127227783], [-0.09489092230796814, 0.334378182888031, -0.36288124322891235, -0.21114572882652283, 0.3566740155220032, -0.6414316296577454], [-0.09110602736473083, 0.33593809604644775, -0.4124520421028137, -0.25181303918361664, 0.4052150845527649, -0.5675064921379089], [-0.09182614088058472, 0.33758479356765747, -0.45744162797927856, -0.2711918503046036, 0.4331258535385132, -0.5738094449043274], [-0.08739727735519409, 0.3359399884939194, -0.5179064869880676, -0.30109959840774536, 0.4591466635465622, -0.538571298122406], [-0.08858427405357361, 0.33684779703617096, -0.45184195041656494, -0.3176172822713852, 0.47404642403125763, -0.49911725521087646], [-0.09186998009681702, 0.3344694674015045, -0.48599499464035034, -0.32312293350696564, 0.4742204248905182, -0.541186511516571], [-0.08759438991546631, 0.33806584775447845, -0.39813899993896484, -0.33031991124153137, 0.4781792610883713, -0.4592719078063965], [-0.08797374367713928, 0.3377123922109604, -0.411466121673584, -0.3318945914506912, 0.47849391400814056, -0.4990067481994629], [-0.08784171938896179, 0.33529601991176605, -0.4777660369873047, -0.3403245657682419, 0.48055480420589447, -0.5110526084899902], [-0.08572205901145935, 0.3348490744829178, -0.4256531000137329, -0.3416650742292404, 0.4851837307214737, -0.453532338142395], [-0.08584034442901611, 0.3356616497039795, -0.4183894395828247, -0.34644392132759094, 0.4879802465438843, -0.4141882658004761], [-0.08656969666481018, 0.33511923253536224, -0.4167438745498657, -0.34743455052375793, 0.48620830476284027, -0.42661845684051514]], "data_reduce_dim": [[0.5090815181003308, 0.5524687603302785, 0.6654706233443175, -0.21214319340263854, 0.22609965657630626, -0.3333085207074564], [0.5524687603302785, 3.9333754213507497, -1.8094782561392941, -2.9591305933635925, 4.090585059827681, -4.70511978961818], [0.6654706233443175, -1.8094782561392941, 2.8291470350838814, 1.8110782634211358, -2.6386018647618146, 2.8521678003842403], [-0.21214319340263854, -2.9591305933635925, 1.8110782634211358, 2.350573658586147, -3.2653794372378786, 3.6615354837336174], [0.22609965657630626, 4.090585059827681, -2.6386018647618146, -3.2653794372378786, 4.559025174929928, -5.129611561987889], [-0.3333085207074564, -4.70511978961818, 2.8521678003842403, 3.6615354837336174, -5.129611561987889, 5.931716336917976]], "joints_tracked_reference": [0], "joints_tracked": [15, 16], "joints_trigger_reference": [9], "joints_trigger": [4, 8, 12, 16, 20], "par_trigger_dist": 0.025, "par_trigger_length": 15, "time_gest": 4.010923624038696, "time_classifier": 0.0}, {"answer_predict": "F", "data_pose_track": [[0.29206183552742004, 0.6449418663978577, 0.01601433753967285, -0.31256958842277527, 0.6043508052825928, -0.45226573944091797], [0.29386675357818604, 0.6449791491031647, 0.18099164962768555, -0.3066440522670746, 0.6160334050655365, -0.2632535696029663], [0.2916264832019806, 0.6449771076440811, 0.13611435890197754, -0.3053484410047531, 0.6024001985788345, -0.3314250707626343], [0.2912265360355377, 0.6449718922376633, 0.0212247371673584, -0.30800844728946686, 0.5874898284673691, -0.44202721118927], [0.2935318946838379, 0.6446318030357361, 0.05380278825759888, -0.31957462430000305, 0.5794134736061096, -0.4095804691314697], [0.29399698972702026, 0.644502654671669, 0.2197856903076172, -0.2886715233325958, 0.6224603205919266, -0.14988303184509277], [0.294450968503952, 0.6445931941270828, 0.2305889129638672, -0.31224440038204193, 0.6212680488824844, -0.2754547595977783], [0.2948717772960663, 0.64097560942173, 0.17231082916259766, -0.3074427545070648, 0.6313357502222061, -0.21941125392913818], [0.29454174637794495, 0.641973614692688, 0.07212400436401367, -0.3116137385368347, 0.5820047855377197, -0.38580572605133057], [0.07669022679328918, 0.4495071917772293, -0.3682774305343628, -0.19479584693908691, 0.5007410794496536, -0.5255389213562012], [-0.024310767650604248, 0.3680795431137085, -0.46167653799057007, -0.2417656034231186, 0.48899829387664795, -0.5065895915031433], [-0.08870759606361389, 0.33101220428943634, -0.4623239040374756, -0.07792201638221741, 0.34637095034122467, -0.5184000730514526], [-0.10409215092658997, 0.32500435411930084, -0.34125614166259766, 0.03631389141082764, 0.2361154705286026, -0.4893444776535034], [-0.10052064061164856, 0.32359983026981354, -0.3850417733192444, 0.03335297107696533, 0.19212116301059723, -0.585311233997345], [-0.10275071859359741, 0.32437221705913544, -0.5024068355560303, 0.030929505825042725, 0.18466351926326752, -0.6688638925552368], [-0.10030439496040344, 0.3242747187614441, -0.540248692035675, -0.1834387183189392, 0.25188568234443665, -0.6602787375450134], [-0.09859097003936768, 0.3239649534225464, -0.534060001373291, -0.1634257733821869, 0.3054211735725403, -0.7434772253036499], [-0.09809845685958862, 0.3267271965742111, -0.4628980755805969, -0.1270504593849182, 0.30277030169963837, -0.8067120909690857], [-0.10211080312728882, 0.3285740166902542, -0.42170417308807373, -0.19708451628684998, 0.3216768652200699, -0.7140742540359497], [-0.09371885657310486, 0.3305140882730484, -0.5748870372772217, -0.2565241754055023, 0.42010386288166046, -0.599433183670044]], "data_reduce_dim": [[0.8689704926558335, 1.4358516225251088, 0.7231319635714328, -0.7345228388875014, 1.3735340189540302, -0.31430947441887724], [1.4358516225251088, 5.030075250786066, -1.0047399054779262, -2.2586047206163338, 4.750634727812279, -4.197830625209665], [0.7231319635714328, -1.0047399054779262, 2.570591986302947, 0.3176888738543182, -0.9565018919045141, 2.8749210042782636], [-0.7345228388875014, -2.2586047206163338, 0.3176888738543182, 1.1414192686980869, -2.204810873253817, 1.7541676256093277], [1.3735340189540302, 4.750634727812279, -0.9565018919045141, -2.204810873253817, 4.564189636773075, -3.9207526558643178], [-0.31430947441887724, -4.197830625209665, 2.8749210042782636, 1.7541676256093277, -3.9207526558643178, 5.381883087575076]], "joints_tracked_reference": [0], "joints_tracked": [15, 16], "joints_trigger_reference": [9], "joints_trigger": [4, 8, 12, 16, 20], "par_trigger_dist": 0.025, "par_trigger_length": 15, "time_gest": 4.026886701583862, "time_classifier": 0.0}, {"answer_predict": "F", "data_pose_track": [[0.3074794113636017, 0.6259777098894119, 0.2850331664085388, -0.3423706591129303, 0.6055269986391068, -0.22192609310150146], [0.30511224269866943, 0.6259834170341492, 0.24621033668518066, -0.3373827189207077, 0.6021241545677185, -0.23467206954956055], [0.3027866780757904, 0.6272306740283966, 0.2504934072494507, -0.3267669230699539, 0.6096681654453278, -0.1879638433456421], [0.3050616681575775, 0.6269470751285553, 0.34297239780426025, -0.32215452194213867, 0.617305725812912, -0.03137326240539551], [0.21921765804290771, 0.60045225918293, -0.14001810550689697, -0.3457346707582474, 0.5750748068094254, -0.3804668188095093], [0.10128682851791382, 0.49751992523670197, -0.12444961071014404, -0.2013862133026123, 0.5323200970888138, -0.34863197803497314], [-0.036566078662872314, 0.39964208006858826, -0.49766862392425537, -0.23892265558242798, 0.5363328754901886, -0.34023141860961914], [-0.08849442005157471, 0.3547908365726471, -0.4816617965698242, -0.32043685019016266, 0.5392281115055084, -0.43434321880340576], [-0.09680935740470886, 0.333108052611351, -0.5736836194992065, -0.16273388266563416, 0.35669659078121185, -0.621833086013794], [-0.0926174521446228, 0.3245319575071335, -0.4973016381263733, -0.1500457525253296, 0.31039707362651825, -0.6696552634239197], [-0.09192013740539551, 0.3206736594438553, -0.4919155240058899, -0.2090035080909729, 0.4010578542947769, -0.5678645968437195], [-0.09570956230163574, 0.3210045397281647, -0.43390780687332153, -0.23992949724197388, 0.43064555525779724, -0.5283464789390564], [-0.0960836410522461, 0.31987930834293365, -0.3360303044319153, -0.21099677681922913, 0.3752129226922989, -0.5797048211097717], [-0.09892791509628296, 0.3208644837141037, -0.45447999238967896, -0.2520253509283066, 0.4005817621946335, -0.5791675448417664], [-0.09936919808387756, 0.32153403759002686, -0.37009018659591675, -0.203561931848526, 0.356356680393219, -0.6303985714912415], [-0.09380140900611877, 0.3175369054079056, -0.5993562936782837, -0.2930060178041458, 0.48056747019290924, -0.4256638288497925], [-0.09568661451339722, 0.3184216618537903, -0.508269190788269, -0.2917410880327225, 0.4759374260902405, -0.42752063274383545], [-0.09373742341995239, 0.3195532411336899, -0.48525214195251465, -0.30134253203868866, 0.4706141799688339, -0.47604525089263916], [-0.09329506754875183, 0.32110291719436646, -0.4670827388763428, -0.28552769124507904, 0.41403281688690186, -0.6783449649810791], [-0.09054797887802124, 0.321431964635849, -0.48889005184173584, -0.30386440455913544, 0.455995112657547, -0.6112693548202515]], "data_reduce_dim": [[0.5479601618507131, 0.5344530716798928, 0.9013120311476577, -0.18946530853447596, 0.38836861954730173, 0.3705580383761298], [0.5344530716798928, 3.7054239155397513, -1.647262111290373, -2.2817488434711706, 4.124773721552446, -3.3032080909392914], [0.9013120311476577, -1.647262111290373, 3.610334173037824, 1.361440507810829, -2.345911889367062, 3.5050920720012826], [-0.18946530853447596, -2.2817488434711706, 1.361440507810829, 1.4968085063044154, -2.638191877665672, 2.264960591287724], [0.38836861954730173, 4.124773721552446, -2.345911889367062, -2.638191877665672, 4.730890020174992, -3.981479140988286], [0.3705580383761298, -3.3032080909392914, 3.5050920720012826, 2.264960591287724, -3.981479140988286, 4.641362192848881]], "joints_tracked_reference": [0], "joints_tracked": [15, 16], "joints_trigger_reference": [9], "joints_trigger": [4, 8, 12, 16, 20], "par_trigger_dist": 0.025, "par_trigger_length": 15, "time_gest": 4.035157680511475, "time_classifier": 0.0}, {"answer_predict": "F", "data_pose_track": [[0.2938103675842285, 0.629346951842308, 0.05709916353225708, -0.35291731357574463, 0.5780684798955917, -0.42475199699401855], [0.2925727963447571, 0.6299497336149216, -0.09450840950012207, -0.35515181720256805, 0.5740007013082504, -0.5487573146820068], [0.29223671555519104, 0.630144938826561, -0.055900633335113525, -0.3708886206150055, 0.5913897603750229, -0.4228401184082031], [0.2927338182926178, 0.6310797333717346, -0.0018218159675598145, -0.38519027829170227, 0.6154024004936218, -0.3260701894760132], [0.29569950699806213, 0.6266406923532486, -0.10303187370300293, -0.3935082033276558, 0.5851568728685379, -0.4606773257255554], [0.13837534189224243, 0.5180467963218689, 0.010204553604125977, -0.32643868029117584, 0.5590406060218811, -0.23566079139709473], [-0.021009743213653564, 0.37418535351753235, -0.6843383312225342, -0.34408725798130035, 0.5557835400104523, 0.05848336219787598], [-0.07560935616493225, 0.3119945824146271, -0.616989254951477, -0.28278927505016327, 0.41345348954200745, -0.608015775680542], [-0.09362468123435974, 0.3013911843299866, -0.6002681255340576, -0.27665993571281433, 0.41237109899520874, -0.5450823307037354], [-0.09900489449501038, 0.29863011837005615, -0.7354968786239624, -0.2806667685508728, 0.41849517822265625, 0.15212023258209229], [-0.09797367453575134, 0.3003688454627991, -0.6388306617736816, -0.2850209176540375, 0.4461930990219116, -0.07542276382446289], [-0.10406392812728882, 0.295095831155777, -0.6158043146133423, -0.19513803720474243, 0.3489631712436676, -0.5752221345901489], [-0.09695526957511902, 0.29887722432613373, -0.7088828086853027, -0.25076940655708313, 0.35971032083034515, -0.11673533916473389], [-0.09798553586006165, 0.2938062697649002, -0.8183149099349976, -0.3031977713108063, 0.47019197046756744, 0.4196043610572815], [-0.10290837287902832, 0.2947002351284027, -0.6817848682403564, -0.2728750556707382, 0.3799879252910614, -0.3242971897125244], [-0.09632530808448792, 0.2949470281600952, -0.6856023073196411, -0.272988423705101, 0.40765607357025146, -0.38232219219207764], [-0.09345129132270813, 0.29969213902950287, -0.62353515625, -0.28770115971565247, 0.4389788955450058, -0.2803381681442261], [-0.09822896122932434, 0.29840411245822906, -0.6539206504821777, -0.2805890440940857, 0.4331978112459183, -0.10181224346160889], [-0.0977756679058075, 0.2999650835990906, -0.5497318506240845, -0.2883816659450531, 0.427611768245697, -0.3313870429992676], [-0.09909963607788086, 0.2963990569114685, -0.5811029672622681, -0.27668440341949463, 0.42324554920196533, -0.5008398294448853]], "data_reduce_dim": [[0.5713916488950419, 0.6131897723538122, 0.778875812168728, -0.241280323124488, 0.4114851901397527, -0.36659943292960406], [0.6131897723538122, 3.550167993915079, -2.916556373950497, -2.5291369993770756, 3.9583592090936106, -2.4572565900243184], [0.778875812168728, -2.916556373950497, 6.126961128291779, 2.6380280227766573, -4.017050598519516, 1.986931354943124], [-0.241280323124488, -2.5291369993770756, 2.6380280227766573, 1.896038500796061, -2.9479901315691195, 1.7173725678392144], [0.4114851901397527, 3.9583592090936106, -4.017050598519516, -2.9479901315691195, 4.596325481503272, -2.6715760938060633], [-0.36659943292960406, -2.4572565900243184, 1.986931354943124, 1.7173725678392144, -2.6715760938060633, 2.9549989011588664]], "joints_tracked_reference": [0], "joints_tracked": [15, 16], "joints_trigger_reference": [9], "joints_trigger": [4, 8, 12, 16, 20], "par_trigger_dist": 0.025, "par_trigger_length": 15, "time_gest": 4.032274007797241, "time_classifier": 0.0}, {"answer_predict": "F", "data_pose_track": [[0.2809699475765228, 0.6258902698755264, 0.05679917335510254, -0.3927376866340637, 0.5598271042108536, -0.41219592094421387], [0.2806819975376129, 0.6217320412397385, 0.058991432189941406, -0.4018985219299793, 0.5665387362241745, -0.36583518981933594], [0.2803993821144104, 0.6213084608316422, 0.03860211372375488, -0.39938603714108467, 0.5582115203142166, -0.48563945293426514], [0.2778124213218689, 0.6252544075250626, 0.11634886264801025, -0.3816053494811058, 0.5601952224969864, -0.43519020080566406], [0.28069448471069336, 0.6230683326721191, -0.03790426254272461, -0.3794342800974846, 0.5577276349067688, -0.5651086568832397], [0.15659070014953613, 0.5052543729543686, -0.15982460975646973, -0.4037255644798279, 0.5587425082921982, -0.37489616870880127], [0.051515161991119385, 0.41271620988845825, -0.645431399345398, -0.3949135020375252, 0.549767255783081, -0.5214093923568726], [-0.07697498798370361, 0.33558139204978943, -0.6610274314880371, -0.3696172535419464, 0.4745353162288666, -0.7004331350326538], [-0.0996774435043335, 0.3086981326341629, -0.7586426734924316, -0.35832998156547546, 0.4963046461343765, -0.37206029891967773], [-0.10767975449562073, 0.3049417734146118, -0.6457235813140869, -0.29936450719833374, 0.42702823877334595, -0.21357977390289307], [-0.11133992671966553, 0.302655428647995, -0.7800554037094116, -0.31239573657512665, 0.45592954754829407, -0.20324242115020752], [-0.11572319269180298, 0.29723067581653595, -0.8269902467727661, -0.32638832926750183, 0.4602469950914383, -0.045323729515075684], [-0.11006125807762146, 0.29812072217464447, -0.7251037359237671, -0.3157093673944473, 0.44628797471523285, -0.36199986934661865], [-0.10548204183578491, 0.3013961464166641, -0.7007954120635986, -0.3169559836387634, 0.4588230401277542, -0.3788992166519165], [-0.10125148296356201, 0.3010259121656418, -0.780713677406311, -0.34628015756607056, 0.49176470935344696, -0.22929978370666504], [-0.10498088598251343, 0.3025229424238205, -0.805191159248352, -0.3507183641195297, 0.4960353225469589, -0.24315476417541504], [-0.10339522361755371, 0.301237553358078, -0.8034785985946655, -0.35415269434452057, 0.5068108141422272, -0.1051168441772461], [-0.10222923755645752, 0.3013588786125183, -0.7313272953033447, -0.3443373441696167, 0.45489317178726196, -0.3183126449584961], [-0.10019943118095398, 0.3004431426525116, -0.7520062923431396, -0.34306691586971283, 0.4817710220813751, -0.21906554698944092], [-0.10387969017028809, 0.2989864647388458, -0.7697069644927979, -0.3306567221879959, 0.44095441699028015, -0.3912872076034546]], "data_reduce_dim": [[0.5592231070252582, 0.5660636992802179, 1.0157862186768334, -0.1816639607657139, 0.2724577041598697, -0.3433275725589162], [0.5660636992802179, 3.5730052711124856, -3.1611000362334476, -2.9156887946416172, 4.109652365002573, -2.981112079556228], [1.0157862186768334, -3.1611000362334476, 7.800265894863514, 3.503708013469569, -4.885609081133095, 3.06868684760542], [-0.1816639607657139, -2.9156887946416172, 3.503708013469569, 2.556643308827697, -3.590096284467774, 2.525498491757945], [0.2724577041598697, 4.109652365002573, -4.885609081133095, -3.590096284467774, 5.046747113223319, -3.5308952884897327], [-0.3433275725589162, -2.981112079556228, 3.06868684760542, 2.525498491757945, -3.5308952884897327, 2.8785322585457607]], "joints_tracked_reference": [0], "joints_tracked": [15, 16], "joints_trigger_reference": [9], "joints_trigger": [4, 8, 12, 16, 20], "par_trigger_dist": 0.025, "par_trigger_length": 15, "time_gest": 4.0074989795684814, "time_classifier": 0.0}, {"answer_predict": "F", "data_pose_track": [[0.2820872962474823, 0.6194021254777908, 0.020032823085784912, -0.37744583934545517, 0.5837434679269791, -0.5387744307518005], [0.2810041308403015, 0.6199752390384674, -0.047003984451293945, -0.3767085000872612, 0.5752122104167938, -0.5760946869850159], [0.27402153611183167, 0.6212624907493591, -0.06430548429489136, -0.3754696846008301, 0.5761948823928833, -0.6294482946395874], [0.27931031584739685, 0.6208063960075378, -0.05064845085144043, -0.37972280383110046, 0.5896244049072266, -0.4221866726875305], [0.25914135575294495, 0.616238534450531, -0.24001336097717285, -0.3836038038134575, 0.5833908319473267, -0.6366390585899353], [0.12293249368667603, 0.5403699278831482, -0.05242776870727539, -0.3866383284330368, 0.5725005269050598, -0.3288249969482422], [-0.013235628604888916, 0.391779363155365, -0.6446824073791504, -0.40487582981586456, 0.5631834864616394, -0.1589897871017456], [-0.12308019399642944, 0.32523371279239655, -0.4925328493118286, -0.3612251281738281, 0.49313755333423615, 0.3420708179473877], [-0.15306630730628967, 0.3146430104970932, -0.5588550567626953, -0.33913934230804443, 0.48557148873806, 0.2723807096481323], [-0.14405134320259094, 0.3113368898630142, -0.7321443557739258, -0.3375832736492157, 0.49809421598911285, 0.17733007669448853], [-0.1502099633216858, 0.3092103898525238, -0.53603196144104, -0.268827885389328, 0.4241797626018524, -0.5397504568099976], [-0.14529332518577576, 0.3097906857728958, -0.5443151593208313, -0.2880293130874634, 0.4533855468034744, -0.3454623818397522], [-0.15087103843688965, 0.30891671776771545, -0.7423603534698486, -0.32466717064380646, 0.4771810472011566, 0.01416933536529541], [-0.13983869552612305, 0.31336356699466705, -0.740166187286377, -0.29493382573127747, 0.43706341087818146, -0.3952057361602783], [-0.1395433247089386, 0.31353142857551575, -0.6392141580581665, -0.3067508190870285, 0.4407555162906647, -0.10889840126037598], [-0.1378401517868042, 0.3140273839235306, -0.6140496730804443, -0.3029237985610962, 0.4399862438440323, -0.33019423484802246], [-0.1420983076095581, 0.31154218316078186, -0.7422140836715698, -0.3346865624189377, 0.48639383912086487, -0.27421021461486816], [-0.14780911803245544, 0.309298112988472, -0.6790292263031006, -0.3290007710456848, 0.44634558260440826, -0.29970717430114746], [-0.14438098669052124, 0.3118124157190323, -0.7777748107910156, -0.32711373269557953, 0.46679992973804474, 0.086963951587677], [-0.13725891709327698, 0.31306567788124084, -0.825006365776062, -0.329560324549675, 0.47695377469062805, -0.15649938583374023]], "data_reduce_dim": [[0.659596964624436, 0.33357662591523907, 1.1325100502808443, 0.0278112494170073, 0.0034096493985473764, -0.5796115235785084], [0.33357662591523907, 3.636428172710195, -3.2118428800898684, -2.8371466264885457, 4.216756238726129, -2.455385379422994], [1.1325100502808443, -3.2118428800898684, 6.341962052491748, 3.1818935140986997, -4.618751831849899, 1.4003867164794102], [0.0278112494170073, -2.8371466264885457, 3.1818935140986997, 2.358921560944477, -3.4778288644483726, 1.6804500734784464], [0.0034096493985473764, 4.216756238726129, -4.618751831849899, -3.4778288644483726, 5.136879370773999, -2.5634474740566286], [-0.5796115235785084, -2.455385379422994, 1.4003867164794102, 1.6804500734784464, -2.5634474740566286, 2.8429929614913867]], "joints_tracked_reference": [0], "joints_tracked": [15, 16], "joints_trigger_reference": [9], "joints_trigger": [4, 8, 12, 16, 20], "par_trigger_dist": 0.025, "par_trigger_length": 15, "time_gest": 4.052944898605347, "time_classifier": 0.0}], "I": [{"answer_predict": "I", "data_pose_track": [[0.0, 0.0, 0.0, 0.0, 0.0, 0.0], [0.0, 0.0, 0.0, 0.0, 0.0, 0.0], [0.0, 0.0, 0.0, 0.0, 0.0, 0.0], [0.31421566009521484, 0.41402140259742737, -0.8197646141052246, -0.3763274699449539, 0.6855190098285675, -0.10087692737579346], [0.31520897150039673, 0.41632629930973053, -0.8525521755218506, -0.3763577938079834, 0.6853791028261185, -0.27044856548309326], [0.31055748462677, 0.4161034822463989, -0.7855628728866577, -0.37247514724731445, 0.6851691007614136, -0.14073705673217773], [0.31499165296554565, 0.41044624149799347, -0.7019805908203125, -0.3753964304924011, 0.6851817518472672, 0.07332849502563477], [0.31509846448898315, 0.4132779985666275, -0.7501870393753052, -0.3753390312194824, 0.6850681453943253, -0.007801175117492676], [0.3172231912612915, 0.41424158215522766, -0.7554376125335693, -0.37802237272262573, 0.6849656403064728, -0.041488051414489746], [0.31159478425979614, 0.41625064611434937, -0.7368167638778687, -0.41032959520816803, 0.5755050182342529, -0.5190932750701904], [0.24535143375396729, 0.4235057085752487, -0.6912590265274048, -0.4629395604133606, 0.4906143397092819, -0.6132633686065674], [0.22687095403671265, 0.4229264259338379, -0.4585006833076477, -0.4823821187019348, 0.4937512278556824, -0.19537639617919922], [0.2055269479751587, 0.4175494462251663, -0.7142764925956726, -0.4790866822004318, 0.49862755835056305, -0.017974674701690674], [0.18444961309432983, 0.4109139144420624, -0.5406731963157654, -0.5054638832807541, 0.49734118580818176, 0.2470448613166809], [0.19120049476623535, 0.41075417399406433, -0.58704674243927, -0.48243892192840576, 0.49292436242103577, -0.043984174728393555], [0.1970389485359192, 0.41044260561466217, -0.5921846032142639, -0.4764687716960907, 0.48879577219486237, -0.14788943529129028], [0.2035607099533081, 0.4189082980155945, -0.6002563834190369, -0.47591453790664673, 0.4901221990585327, -0.19321054220199585], [0.19630438089370728, 0.42093896865844727, -0.564642608165741, -0.4781735837459564, 0.49247026443481445, -0.2764056324958801], [0.20387732982635498, 0.42160969972610474, -0.5267672538757324, -0.47295795381069183, 0.49284905195236206, -0.24941086769104004], [0.20061922073364258, 0.4222874641418457, -0.495369017124176, -0.47219882905483246, 0.4934230446815491, -0.2506924271583557], [0.19898414611816406, 0.4219513237476349, -0.5102789402008057, -0.4703598916530609, 0.49291297793388367, -0.2613661289215088], [0.20179808139801025, 0.41850586235523224, -0.503756582736969, -0.47389550507068634, 0.4931305795907974, -0.24617153406143188], [0.19742721319198608, 0.4176618456840515, -0.5398011207580566, -0.47416530549526215, 0.49138766527175903, -0.2997150421142578]], "data_reduce_dim": [[1.2351565633292871, 2.0214966187413026, -3.1956606170653217, -2.102429622389054, 2.7802129234815034, -0.8609760938838527], [2.0214966187413026, 3.476999395845068, -5.302283494197051, -3.6999080752885005, 4.622539118693819, -1.4932084677751876], [-3.1956606170653217, -5.302283494197051, 8.378541094320738, 5.550436292798729, -7.231848400318316, 2.2449707682337667], [-2.102429622389054, -3.6999080752885005, 5.550436292798729, 3.9793252816274283, -4.840210794588521, 1.5919956214981337], [2.7802129234815034, 4.622539118693819, -7.231848400318316, -4.840210794588521, 6.307396042065966, -1.8855494216518247], [-0.8609760938838527, -1.4932084677751876, 2.2449707682337667, 1.5919956214981337, -1.8855494216518247, 1.3366911991745631]], "joints_tracked_reference": [0], "joints_tracked": [15, 16], "joints_trigger_reference": [9], "joints_trigger": [4, 8, 12, 16, 20], "par_trigger_dist": 0.025, "par_trigger_length": 15, "time_gest": 4.062995672225952, "time_classifier": 0.0}, {"answer_predict": "I", "data_pose_track": [[0.3144528269767761, 0.4278288334608078, -0.8145164251327515, -0.3913916274905205, 0.6692859977483749, -0.36297786235809326], [0.317000150680542, 0.42750661075115204, -0.7990732192993164, -0.3914210572838783, 0.6703909486532211, -0.3569105863