{"F": [{"answer_predict": "F", "data_pose_track": [[0.3789485692977905, 0.45803722739219666, -0.6998047828674316, -0.41891002655029297, 0.4581487476825714, -0.878516674041748], [0.3789788484573364, 0.4564724713563919, -0.6994805335998535, -0.41888561844825745, 0.45816393196582794, -0.8874567747116089], [0.38111621141433716, 0.457355260848999, -0.720085084438324, -0.4185081943869591, 0.45923322439193726, -0.8921105265617371], [0.3816520571708679, 0.4574272930622101, -0.7358917593955994, -0.4183402508497238, 0.45949217677116394, -0.914232075214386], [0.3723662495613098, 0.45690490305423737, -0.6952807903289795, -0.4126879498362541, 0.43873949348926544, -1.0576574802398682], [0.3679916262626648, 0.4583597779273987, -0.617274284362793, -0.40888362377882004, 0.40968960523605347, -0.9854509830474854], [0.3414134979248047, 0.45855362713336945, -0.7509711980819702, -0.43342210352420807, 0.21333478391170502, -0.9669115543365479], [0.33344489336013794, 0.458685040473938, -0.684733510017395, -0.45837894082069397, 0.04885876178741455, -0.8940081596374512], [0.3257662057876587, 0.45711393654346466, -0.6507323384284973, -0.47374599426984787, -0.029664307832717896, -0.7288797497749329], [0.3188894987106323, 0.4406967759132385, -0.7475858926773071, -0.47897449880838394, -0.0975443422794342, -0.7042337656021118], [0.3102402091026306, 0.39597243070602417, -0.9500167369842529, -0.4786923825740814, -0.14216618239879608, -0.8158550262451172], [0.31190139055252075, 0.3803030848503113, -1.066807746887207, -0.47684869915246964, -0.15134401619434357, -0.9122635126113892], [0.31513547897338867, 0.39344289898872375, -1.0271220207214355, -0.47151391953229904, -0.16103936731815338, -0.9047045707702637], [0.3168880343437195, 0.3885921835899353, -1.0479949712753296, -0.4689115807414055, -0.16163185238838196, -0.8434584140777588], [0.31255871057510376, 0.38189104199409485, -0.9860270619392395, -0.46795251965522766, -0.1633053869009018, -0.7027519345283508], [0.31362223625183105, 0.37882116436958313, -0.9393573999404907, -0.4642671123147011, -0.15878838300704956, -0.6182763576507568], [0.3143007159233093, 0.379350870847702, -0.9777058362960815, -0.46320804953575134, -0.1586116999387741, -0.5954477787017822], [0.31389760971069336, 0.3775314390659332, -0.9746170043945312, -0.46322517842054367, -0.15897917747497559, -0.5935647487640381], [0.31169331073760986, 0.3765485882759094, -0.9870921969413757, -0.45859719067811966, -0.1587315797805786, -0.6296908259391785], [0.3132691979408264, 0.3785627782344818, -0.9707151055335999, -0.4611724317073822, -0.15740732848644257, -0.6658300757408142]], "data_reduce_dim": [[2.2696907881703474, 2.8336644627586027, -5.6177517632950185, -3.013376729147288, 0.5674663446270021, -5.486779055769162], [2.8336644627586027, 3.547372484659511, -6.9954054320083445, -3.769539088997227, 0.689057385234787, -6.861057830010915], [-5.6177517632950185, -6.9954054320083445, 14.789608039511982, 7.681821601371562, -0.4082961351428107, 13.497191699274104], [-3.013376729147288, -3.769539088997227, 7.681821601371562, 4.075812114733358, -0.43633747854472194, 7.256635109854413], [0.5674663446270021, 0.689057385234787, -0.4082961351428107, -0.43633747854472194, 1.5079363726087032, -1.5236852087043609], [-5.486779055769162, -6.861057830010915, 13.497191699274104, 7.256635109854413, -1.5236852087043609, 13.492784894679609]], "joints_tracked_reference": [0], "joints_tracked": [15, 16], "joints_trigger_reference": [9], "joints_trigger": [4, 8, 12, 16, 20], "par_trigger_dist": 0.025, "par_trigger_length": 15, "time_gest": 4.002285718917847, "time_classifier": 0.0}, {"answer_predict": "F", "data_pose_track": [[0.3673195242881775, 0.4515994042158127, -0.5997886657714844, -0.3948492109775543, 0.47065870463848114, -0.831201434135437], [0.36956268548965454, 0.4515025466680527, -0.6296924352645874, -0.39416463673114777, 0.47111569344997406, -0.8690600395202637], [0.37184232473373413, 0.45271649956703186, -0.6145601272583008, -0.39413248002529144, 0.4714418351650238, -0.8694953918457031], [0.3746805191040039, 0.4519186019897461, -0.6540745496749878, -0.39671187102794647, 0.46715158224105835, -0.9125620126724243], [0.3766869306564331, 0.4494793713092804, -0.687933087348938, -0.3982727825641632, 0.4653482735157013, -0.9116441011428833], [0.36979997158050537, 0.4365869164466858, -0.7775489091873169, -0.39773882925510406, 0.46522456407546997, -0.91910719871521], [0.36979997158050537, 0.4365869164466858, -0.7775489091873169, -0.39773882925510406, 0.46522456407546997, -0.91910719871521], [0.13906729221343994, 0.3695191591978073, -0.686921238899231, -0.41376693546772003, 0.4672074168920517, -0.7774447202682495], [0.021171510219573975, 0.32334302365779877, -0.8058485984802246, -0.42747344076633453, 0.45798204839229584, -0.7466812133789062], [0.021171510219573975, 0.32334302365779877, -0.8058485984802246, -0.42747344076633453, 0.45798204839229584, -0.7466812133789062], [-0.09638082981109619, 0.2476188987493515, -0.5812712907791138, -0.41634325683116913, 0.44507427513599396, -0.45506370067596436], [-0.13256430625915527, 0.21993684768676758, -0.638671875, -0.42569172382354736, 0.44590404629707336, -0.4868476390838623], [-0.12545287609100342, 0.22608330845832825, -0.6660919189453125, -0.42529113590717316, 0.4471718370914459, -0.5444786548614502], [-0.13070526719093323, 0.22278831899166107, -0.6965798139572144, -0.42935115098953247, 0.4513281434774399, -0.40350329875946045], [-0.12953254580497742, 0.2257915735244751, -0.7527705430984497, -0.4279937148094177, 0.45305103063583374, -0.4716421365737915], [-0.1344010829925537, 0.2270383983850479, -0.7082346677780151, -0.42721377313137054, 0.4542425721883774, -0.527288556098938], [-0.13926267623901367, 0.22305113077163696, -0.7220456004142761, -0.4282769113779068, 0.4570227861404419, -0.49257296323776245], [-0.13901498913764954, 0.22920753061771393, -0.7181528806686401, -0.4325151592493057, 0.458460733294487, -0.5155586004257202], [-0.14599111676216125, 0.2215726524591446, -0.7189499139785767, -0.43140698969364166, 0.4616197794675827, -0.5314902067184448], [-0.13943472504615784, 0.22601988911628723, -0.7314553260803223, -0.42651571333408356, 0.4616348147392273, -0.5073379278182983]], "data_reduce_dim": [[1.159787567524483, 0.9306419340804379, -0.9751415625723325, -0.5446230775203031, 0.7050872902817313, -1.80462660251089], [0.9306419340804379, 2.261304262779463, -4.463321887935768, -2.638447328560727, 2.962999111496332, -4.675676228874176], [-0.9751415625723325, -4.463321887935768, 9.846767010235485, 5.815396058398226, -6.42417195379914, 9.397744257188481], [-0.5446230775203031, -2.638447328560727, 5.815396058398226, 3.4596545651424533, -3.8200516007812713, 5.538000288103182], [0.7050872902817313, 2.962999111496332, -6.42417195379914, -3.8200516007812713, 4.228580725624007, -6.202875872180536], [-1.80462660251089, -4.675676228874176, 9.397744257188481, 5.538000288103182, -6.202875872180536, 9.72720730119632]], "joints_tracked_reference": [0], "joints_tracked": [15, 16], "joints_trigger_reference": [9], "joints_trigger": [4, 8, 12, 16, 20], "par_trigger_dist": 0.025, "par_trigger_length": 15, "time_gest": 4.05662989616394, "time_classifier": 0.0}, {"answer_predict": "F", "data_pose_track": [[0.0, 0.0, 0.0, 0.0, 0.0, 0.0], [0.0, 0.0, 0.0, 0.0, 0.0, 0.0], [0.3894106149673462, 0.47464315593242645, -0.42095303535461426, -0.3951115757226944, 0.4581513851881027, -0.9267237186431885], [0.38695693016052246, 0.5080271363258362, 0.02120453119277954, -0.392602801322937, 0.4592222571372986, -0.8036450147628784], [0.38644808530807495, 0.520267441868782, -0.10096174478530884, -0.3951494097709656, 0.45989222824573517, -0.8257081508636475], [0.39496463537216187, 0.5506622791290283, 0.04967188835144043, -0.3937181383371353, 0.46512728929519653, -0.8305492997169495], [0.39467674493789673, 0.5476841926574707, 0.07588613033294678, -0.3941851705312729, 0.4660547375679016, -0.8175898194313049], [0.3279759883880615, 0.5281148999929428, -0.09282910823822021, -0.3947547525167465, 0.4636494964361191, -0.6844035387039185], [0.18098574876785278, 0.3968500792980194, -0.5934611558914185, -0.43126488476991653, 0.47007331252098083, -0.558651328086853], [0.028072893619537354, 0.2937477231025696, -0.7864352464675903, -0.4458673596382141, 0.4364355206489563, -0.5921655893325806], [-0.042300403118133545, 0.26123620569705963, -0.7657504081726074, -0.45722751319408417, 0.4409220665693283, -0.5869221687316895], [-0.11670303344726562, 0.21556411683559418, -0.6715676784515381, -0.4582003429532051, 0.44344501197338104, -0.1424630880355835], [-0.1371592879295349, 0.19458627700805664, -0.8528612852096558, -0.44913823902606964, 0.44537147879600525, -0.40493345260620117], [-0.1497747004032135, 0.1938137710094452, -0.7783712148666382, -0.45347149670124054, 0.4466092884540558, -0.39077019691467285], [-0.1586061716079712, 0.18015463650226593, -0.8540015816688538, -0.4472811669111252, 0.4474277049303055, -0.26211994886398315], [-0.1633913516998291, 0.18246306478977203, -0.8332743048667908, -0.4486449286341667, 0.4476151317358017, -0.4105932116508484], [-0.1613076627254486, 0.1797439008951187, -0.8154651522636414, -0.44308045506477356, 0.4492422491312027, -0.3975915312767029], [-0.161241352558136, 0.18760351836681366, -0.857694685459137, -0.444319486618042, 0.450019434094429, -0.33429092168807983], [-0.15921875834465027, 0.18527670204639435, -0.815653383731842, -0.4383617490530014, 0.4539853185415268, -0.27899080514907837], [-0.16029763221740723, 0.18800216913223267, -0.7953990697860718, -0.43471646308898926, 0.4519885182380676, -0.33005595207214355], [-0.1576906442642212, 0.19308678805828094, -0.8263289928436279, -0.4338584840297699, 0.45653776824474335, -0.2856757640838623], [-0.15638306736946106, 0.19633014500141144, -0.8130110502243042, -0.4331313520669937, 0.45667286217212677, -0.32629311084747314]], "data_reduce_dim": [[1.164490976777362, 0.939060310735631, 1.0954765572070002, -0.22427908989717515, 0.37522432737894595, -1.4082453779664448], [0.939060310735631, 2.348817445413151, -2.583023595760256, -2.5865577051828073, 2.8193612070198846, -3.767799162677872], [1.0954765572070002, -2.583023595760256, 9.012020154847217, 5.097714470472395, -5.184976714044792, 4.576885932102588], [-0.22427908989717515, -2.5865577051828073, 5.097714470472395, 3.695831809815222, -3.888890404133302, 4.282267318698635], [0.37522432737894595, 2.8193612070198846, -5.184976714044792, -3.888890404133302, 4.113386218635579, -4.641312374431606], [-1.4082453779664448, -3.767799162677872, 4.576885932102588, 4.282267318698635, -4.641312374431606, 6.239300506080323]], "joints_tracked_reference": [0], "joints_tracked": [15, 16], "joints_trigger_reference": [9], "joints_trigger": [4, 8, 12, 16, 20], "par_trigger_dist": 0.025, "par_trigger_length": 15, "time_gest": 4.003443956375122, "time_classifier": 0.0}, {"answer_predict": "F", "data_pose_track": [[0.39900535345077515, 0.5612016469240189, 0.05028641223907471, -0.38379453122615814, 0.46204860508441925, -0.9186131954193115], [0.39931148290634155, 0.5617977976799011, 0.046172261238098145, -0.38413794338703156, 0.46179497241973877, -0.885627806186676], [0.4010813236236572, 0.5646397620439529, 0.1779181957244873, -0.3882818818092346, 0.46514178812503815, -0.9089120030403137], [0.4008435010910034, 0.564648911356926, 0.11033129692077637, -0.38554468750953674, 0.46224044263362885, -0.9088023900985718], [0.39698803424835205, 0.5668443739414215, 0.07978123426437378, -0.3852309584617615, 0.4621472656726837, -0.9804793000221252], [0.40043413639068604, 0.5426647365093231, -0.06822210550308228, -0.38908132910728455, 0.4621032178401947, -0.8506859540939331], [0.3956129550933838, 0.5208351910114288, -0.15933310985565186, -0.3880588561296463, 0.46064916253089905, -0.7886644005775452], [0.29982441663742065, 0.4634292423725128, -0.41257548332214355, -0.40162646770477295, 0.4614383280277252, -0.5439198017120361], [0.1706894040107727, 0.36044298112392426, -0.5621805191040039, -0.41040730476379395, 0.46443794667720795, -0.5706825256347656], [0.09802991151809692, 0.3040866106748581, -0.7481817007064819, -0.4226403534412384, 0.4644099920988083, -0.49082672595977783], [-0.03984624147415161, 0.22284817695617676, -0.6739060878753662, -0.45243167877197266, 0.4609520733356476, -0.06791770458221436], [-0.11739844083786011, 0.18300946056842804, -0.8116745948791504, -0.43724527955055237, 0.45392613112926483, -0.29922235012054443], [-0.1588418185710907, 0.15621130168437958, -0.8281006813049316, -0.4312719851732254, 0.45429371297359467, -0.13219678401947021], [-0.1789816915988922, 0.15579859912395477, -0.9409526586532593, -0.42501015961170197, 0.4525662809610367, 0.08771860599517822], [-0.18277901411056519, 0.1599356234073639, -0.8523237109184265, -0.42649558186531067, 0.44784680008888245, -0.26395004987716675], [-0.19245415925979614, 0.16764509677886963, -0.8461815714836121, -0.42666612565517426, 0.45051339268684387, -0.2638295292854309], [-0.19153675436973572, 0.1672295480966568, -0.8240534067153931, -0.4249822795391083, 0.45283518731594086, 0.026622235774993896], [-0.18586134910583496, 0.16907823085784912, -0.8870113492012024, -0.42179352045059204, 0.4551297724246979, -0.006789565086364746], [-0.1831786036491394, 0.17291440069675446, -0.8811457753181458, -0.42175883054733276, 0.45722784101963043, -0.1366734504699707], [-0.182143896818161, 0.17440378665924072, -0.8895832896232605, -0.4214905947446823, 0.4574012756347656, -0.05548006296157837]], "data_reduce_dim": [[1.5243363240465122, 1.508262873970652, 1.1892709408113458, -0.623133327198468, 0.8227321195164001, -2.6260455301054435], [1.508262873970652, 2.8948143064785867, -1.9273573110246671, -2.705318224453326, 3.1034390961444274, -4.267963912449419], [1.1892709408113458, -1.9273573110246671, 8.291152268933896, 4.233943608262225, -4.519373380683237, 1.5865284527653714], [-0.623133327198468, -2.705318224453326, 4.233943608262225, 3.393511447081761, -3.7709135218182714, 3.5499243960484], [0.8227321195164001, 3.1034390961444274, -4.519373380683237, -3.7709135218182714, 4.204118205833612, -4.133245090413334], [-2.6260455301054435, -4.267963912449419, 1.5865284527653714, 3.5499243960484, -4.133245090413334, 6.730771118472433]], "joints_tracked_reference": [0], "joints_tracked": [15, 16], "joints_trigger_reference": [9], "joints_trigger": [4, 8, 12, 16, 20], "par_trigger_dist": 0.025, "par_trigger_length": 15, "time_gest": 4.022964239120483, "time_classifier": 0.0}, {"answer_predict": "F", "data_pose_track": [[0.3693017363548279, 0.5591819733381271, 0.1062663197517395, -0.40286801755428314, 0.4559125155210495, -0.811291515827179], [0.3680681586265564, 0.5581570267677307, 0.06273353099822998, -0.3987044394016266, 0.4534398913383484, -0.856722354888916], [0.3731350898742676, 0.5593240261077881, 0.13175392150878906, -0.40006621181964874, 0.45347487926483154, -0.8406727910041809], [0.3689935803413391, 0.5620347559452057, 0.020271360874176025, -0.397116094827652, 0.4558854401111603, -0.8201406598091125], [0.37447184324264526, 0.5626498013734818, 0.03428930044174194, -0.3969686031341553, 0.45729000866413116, -0.8795507550239563], [0.37384045124053955, 0.5282349139451981, -0.25455737113952637, -0.40228527784347534, 0.45320452749729156, -0.860356330871582], [0.2904787063598633, 0.45895756781101227, -0.47807180881500244, -0.40830476582050323, 0.4541092664003372, -0.5796468257904053], [0.13365942239761353, 0.3631395399570465, -0.5657544136047363, -0.42540575563907623, 0.46217212080955505, -0.5779368877410889], [-0.0640946626663208, 0.24228136241436005, -0.526508092880249, -0.4636617600917816, 0.46139807999134064, -0.508554220199585], [-0.12931057810783386, 0.21401433646678925, -0.8098726272583008, -0.4627876281738281, 0.4584078937768936, -0.3872424364089966], [-0.19487911462783813, 0.1574656218290329, -0.7688496112823486, -0.4565986394882202, 0.4562692493200302, -0.2662001848220825], [-0.19341662526130676, 0.1498900204896927, -0.7826330065727234, -0.4429764300584793, 0.459404394030571, -0.06499004364013672], [-0.19149437546730042, 0.1539846956729889, -0.8255980014801025, -0.43532252311706543, 0.4603267312049866, 0.10000878572463989], [-0.19404426217079163, 0.15792731940746307, -0.7916693091392517, -0.4331253916025162, 0.461293563246727, -0.17960447072982788], [-0.18996310234069824, 0.1552707701921463, -0.7984729409217834, -0.4258139729499817, 0.46476010978221893, -0.04664880037307739], [-0.18664875626564026, 0.15865600109100342, -0.8493261933326721, -0.42497947812080383, 0.4647616744041443, -0.11175179481506348], [-0.18934616446495056, 0.15858294069766998, -0.8510389924049377, -0.4279053211212158, 0.46422986686229706, -0.08616042137145996], [-0.18480345606803894, 0.1570875495672226, -0.8279348611831665, -0.4246574491262436, 0.4641878455877304, -0.20419132709503174], [-0.18569761514663696, 0.15891966223716736, -0.865764856338501, -0.4264039397239685, 0.46521562337875366, -0.03489720821380615], [-0.18212759494781494, 0.16045254468917847, -0.8444361090660095, -0.42601753771305084, 0.4669192433357239, -0.07458162307739258]], "data_reduce_dim": [[1.3085951380143, 1.078150618501439, 1.51247754884675, -0.15773729037587136, 0.2426116863477943, -1.8612292477007486], [1.078150618501439, 2.5415929007500777, -1.9487590713819767, -2.5618474784220853, 2.82645726916802, -3.64719303093176], [1.51247754884675, -1.9487590713819767, 8.323983569617173, 4.560651216519796, -4.844421162510407, 1.8898517680835774], [-0.15773729037587136, -2.5618474784220853, 4.560651216519796, 3.605764018836651, -3.8993657092445506, 3.345419426760457], [0.2426116863477943, 2.82645726916802, -4.844421162510407, -3.8993657092445506, 4.225638464679632, -3.6956691109858966], [-1.8612292477007486, -3.64719303093176, 1.8898517680835774, 3.345419426760457, -3.6956691109858966, 5.551844986894277]], "joints_tracked_reference": [0], "joints_tracked": [15, 16], "joints_trigger_reference": [9], "joints_trigger": [4, 8, 12, 16, 20], "par_trigger_dist": 0.025, "par_trigger_length": 15, "time_gest": 4.0076751708984375, "time_classifier": 0.0}, {"answer_predict": "F", "data_pose_track": [[0.38436001539230347, 0.5840894877910614, 0.19553160667419434, -0.41146594285964966, 0.4608058035373688, -0.8186222314834595], [0.3845064043998718, 0.5828760415315628, 0.23817229270935059, -0.41186247020959854, 0.4610023647546768, -0.8213716745376587], [0.3841485381126404, 0.582880437374115, 0.28647226095199585, -0.41179104894399643, 0.4616231918334961, -0.7470546364784241], [0.38389652967453003, 0.5840685367584229, 0.3001025915145874, -0.4087201878428459, 0.46236854791641235, -0.7684028148651123], [0.3778948187828064, 0.5824753642082214, 0.32321643829345703, -0.40178144723176956, 0.46210741996765137, -0.7709569931030273], [0.3807474374771118, 0.5809555351734161, 0.19835400581359863, -0.4002760201692581, 0.45997706055641174, -0.8423320651054382], [0.3736775517463684, 0.5192073732614517, -0.3439933657646179, -0.41156770288944244, 0.45427943766117096, -0.879643976688385], [0.2691120505332947, 0.4206777662038803, -0.49945175647735596, -0.41351546347141266, 0.45689253509044647, -0.557578444480896], [0.16196399927139282, 0.35265152156352997, -0.6546926498413086, -0.4268697649240494, 0.4591229408979416, -0.7114622592926025], [-0.0454409122467041, 0.2393479347229004, -0.4391658306121826, -0.45798271894454956, 0.46206384897232056, -0.21243250370025635], [-0.16592606902122498, 0.1626715213060379, -0.8791903853416443, -0.4543599784374237, 0.4571189731359482, -0.1767238974571228], [-0.18912670016288757, 0.14353637397289276, -0.9108952879905701, -0.44152621924877167, 0.4485737234354019, -0.19351452589035034], [-0.2066928744316101, 0.14203475415706635, -0.8135088086128235, -0.4445316344499588, 0.45078854262828827, -0.19205564260482788], [-0.2106572985649109, 0.13607405126094818, -0.7775063514709473, -0.4322735220193863, 0.4499738961458206, 0.07981157302856445], [-0.21590155363082886, 0.13634973764419556, -0.8021613955497742, -0.43207354843616486, 0.4473232328891754, 0.09637945890426636], [-0.19893068075180054, 0.14014731347560883, -0.7651606202125549, -0.4279357045888901, 0.4451264292001724, -0.057132065296173096], [-0.19311538338661194, 0.14498105645179749, -0.77579665184021, -0.42768770456314087, 0.4456363916397095, -0.03590136766433716], [-0.19004252552986145, 0.1424066722393036, -0.8113988637924194, -0.423302486538887, 0.4433538019657135, 0.05027890205383301], [-0.18684178590774536, 0.14464369416236877, -0.857504665851593, -0.4193699210882187, 0.44397714734077454, 0.21731245517730713], [-0.18947085738182068, 0.14845798909664154, -0.8349513411521912, -0.422066405415535, 0.44410355389118195, 0.02823251485824585]], "data_reduce_dim": [[1.4994554475304946, 1.4118391441649654, 1.8385486224325707, -0.407630984146357, 0.5338535744324209, -2.3780362596480913], [1.4118391441649654, 2.8750221557048663, -1.013643805197196, -2.6972527132976163, 2.959226275531492, -3.802821854948853], [1.8385486224325707, -1.013643805197196, 8.190811236911617, 3.7609677734565117, -3.8599449036609066, 0.0929573148172338], [-0.407630984146357, -2.6972527132976163, 3.7609677734565117, 3.601343811467439, -3.848147981390376, 3.0277728402411053], [0.5338535744324209, 2.959226275531492, -3.8599449036609066, -3.848147981390376, 4.119882081741103, -3.3641638457183056], [-2.3780362596480913, -3.802821854948853, 0.0929573148172338, 3.0277728402411053, -3.3641638457183056, 5.609524848962188]], "joints_tracked_reference": [0], "joints_tracked": [15, 16], "joints_trigger_reference": [9], "joints_trigger": [4, 8, 12, 16, 20], "par_trigger_dist": 0.025, "par_trigger_length": 15, "time_gest": 4.002293109893799, "time_classifier": 0.0}, {"answer_predict": "F", "data_pose_track": [[0.3655984401702881, 0.5676217526197433, 0.16406720876693726, -0.41245438158512115, 0.4599907845258713, -0.8317704200744629], [0.3660500645637512, 0.567515566945076, 0.2006549835205078, -0.4119870215654373, 0.4603462368249893, -0.8641341924667358], [0.3666279911994934, 0.5672143548727036, 0.18164438009262085, -0.4121198207139969, 0.46043966710567474, -0.814909815788269], [0.36648327112197876, 0.5681588500738144, 0.17474722862243652, -0.411101296544075, 0.46061430871486664, -0.8594543933868408], [0.364449679851532, 0.5660200715065002, 0.1434159278869629, -0.4126776158809662, 0.45967215299606323, -0.8632934093475342], [0.2938801050186157, 0.4589635729789734, -0.5058795213699341, -0.42195622622966766, 0.45985764265060425, -0.5745594501495361], [0.19099754095077515, 0.3688351660966873, -0.6009477376937866, -0.43209123611450195, 0.46375878155231476, -0.5906757116317749], [0.003806591033935547, 0.24122001230716705, -0.4810514450073242, -0.45379213988780975, 0.46383608877658844, -0.3326174020767212], [-0.14099794626235962, 0.1738235354423523, -0.7372826933860779, -0.45637284219264984, 0.4607163965702057, -0.14068454504013062], [-0.19656220078468323, 0.13498421013355255, -0.8247368335723877, -0.44791123270988464, 0.4597189873456955, -0.4854635000228882], [-0.21219640970230103, 0.13021248579025269, -0.8361396789550781, -0.4512076824903488, 0.4586105942726135, 0.04261261224746704], [-0.2235720157623291, 0.13341474533081055, -0.7357077598571777, -0.443950891494751, 0.454355388879776, 0.006819486618041992], [-0.21004709601402283, 0.1403941959142685, -0.9255667924880981, -0.4442380517721176, 0.4540463835000992, -0.13613009452819824], [-0.21358677744865417, 0.14140698313713074, -0.9740200638771057, -0.4381392300128937, 0.45204052329063416, -0.06497126817703247], [-0.22722643613815308, 0.14134016633033752, -0.9407727122306824, -0.4378741383552551, 0.45224690437316895, 0.0833635926246643], [-0.23235201835632324, 0.1456456482410431, -0.8816412091255188, -0.4434814602136612, 0.44949573278427124, -0.057214438915252686], [-0.22126805782318115, 0.1502167284488678, -0.8338387608528137, -0.43973034620285034, 0.4491744637489319, -0.05396842956542969], [-0.21935692429542542, 0.14967867732048035, -0.818820595741272, -0.4361985921859741, 0.45061349868774414, -0.1028984785079956], [-0.21628597378730774, 0.15042482316493988, -0.8666888475418091, -0.4329896569252014, 0.4528522342443466, 0.05306524038314819], [-0.21582967042922974, 0.15167343616485596, -0.8577629923820496, -0.4317920058965683, 0.4524199068546295, -0.03902703523635864]], "data_reduce_dim": [[1.3313909498726284, 0.8784781000396378, 2.2168056931989657, 0.15462883145985318, -0.07985719327111296, -1.6587428587444322], [0.8784781000396378, 2.268745270215013, -1.563230582189103, -2.4018835296822414, 2.5905918364331635, -3.0933360167762585], [2.2168056931989657, -1.563230582189103, 9.784309372647769, 4.855311057932947, -4.979489281011064, 0.8152441528897079], [0.15462883145985318, -2.4018835296822414, 4.855311057932947, 3.7645397364720248, -3.9605525392806684, 2.7928049989026604], [-0.07985719327111296, 2.5905918364331635, -4.979489281011064, -3.9605525392806684, 4.172669286120502, -3.049541665642308], [-1.6587428587444322, -3.0933360167762585, 0.8152441528897079, 2.7928049989026604, -3.049541665642308, 4.684380658929651]], "joints_tracked_reference": [0], "joints_tracked": [15, 16], "joints_trigger_reference": [9], "joints_trigger": [4, 8, 12, 16, 20], "par_trigger_dist": 0.025, "par_trigger_length": 15, "time_gest": 4.012190580368042, "time_classifier": 0.0}, {"answer_predict": "F", "data_pose_track": [[0.37305498123168945, 0.577704057097435, 0.11574751138687134, -0.4059374928474426, 0.46020661294460297, -0.8743253946304321], [0.3708636164665222, 0.5756822675466537, 0.15594232082366943, -0.39996448159217834, 0.46051888167858124, -0.8863798379898071], [0.372383177280426, 0.5753623992204666, 0.25119662284851074, -0.40027278661727905, 0.4613353759050369, -0.861079216003418], [0.3726353645324707, 0.5760905593633652, 0.22132396697998047, -0.40026336908340454, 0.46088676154613495, -0.8169823884963989], [0.37377023696899414, 0.5744867473840714, 0.16752052307128906, -0.40024222433567047, 0.46113474667072296, -0.8015416860580444], [0.36686086654663086, 0.5671985298395157, -0.019086241722106934, -0.40266624093055725, 0.45955903828144073, -0.7345496416091919], [0.21471720933914185, 0.42554812133312225, -0.5002336502075195, -0.42502814531326294, 0.46070824563503265, -0.6916148662567139], [0.028149127960205078, 0.27585290372371674, -0.6253705024719238, -0.4242827594280243, 0.45462213456630707, -0.833580732345581], [-0.0718759298324585, 0.21140068769454956, -0.6827098727226257, -0.4412786066532135, 0.45065411925315857, -0.6006918549537659], [-0.193192720413208, 0.15614651143550873, -0.7915299534797668, -0.44135914742946625, 0.4395783096551895, -0.4933224320411682], [-0.2158556580543518, 0.1432085782289505, -0.8976304531097412, -0.4342769533395767, 0.44042597711086273, -0.11380022764205933], [-0.2174011766910553, 0.148994579911232, -0.8872406482696533, -0.43155062198638916, 0.4407174736261368, -0.19324511289596558], [-0.21206825971603394, 0.15377911925315857, -0.8753299713134766, -0.4322928786277771, 0.4394257366657257, -0.18792569637298584], [-0.20358437299728394, 0.1445847749710083, -0.9067996144294739, -0.43113163113594055, 0.43966129422187805, -0.32497090101242065], [-0.20057213306427002, 0.14563995599746704, -0.8595818281173706, -0.4295879006385803, 0.43943190574645996, -0.2681676149368286], [-0.19674107432365417, 0.1504966914653778, -0.7944714426994324, -0.4286292791366577, 0.4366360008716583, -0.30627888441085815], [-0.19571000337600708, 0.15270879864692688, -0.8978446125984192, -0.42817607522010803, 0.4365362524986267, -0.27577584981918335], [-0.1984042525291443, 0.15178707242012024, -0.8633363246917725, -0.4276007413864136, 0.43689242005348206, -0.29737162590026855], [-0.19722774624824524, 0.15318512916564941, -0.8868891000747681, -0.43021638691425323, 0.4389333724975586, -0.33050692081451416], [-0.19383063912391663, 0.15800729393959045, -0.8607632517814636, -0.42619650065898895, 0.4389779269695282, -0.3379877209663391], [-0.19349932670593262, 0.15536661446094513, -0.8426154851913452, -0.4242996722459793, 0.44277791678905487, -0.30948781967163086]], "data_reduce_dim": [[1.3687031561790413, 0.999452267808246, 2.347028829745387, 0.07418185837275804, 0.044296015988453785, -1.2923520796110761], [0.999452267808246, 2.5561326542856895, -1.581363905311413, -2.55592591970385, 2.8008313841484735, -4.032344127847449], [2.347028829745387, -1.581363905311413, 10.25261270894303, 4.882092331095889, -4.962594438136378, 3.4668385891091873], [0.07418185837275804, -2.55592591970385, 4.882092331095889, 3.7464991378249133, -3.965763616769972, 4.391573238187951], [0.044296015988453785, 2.8008313841484735, -4.962594438136378, -3.965763616769972, 4.209416723116512, -4.769787309755723], [-1.2923520796110761, -4.032344127847449, 3.4668385891091873, 4.391573238187951, -4.769787309755723, 6.7591220718996965]], "joints_tracked_reference": [0], "joints_tracked": [15, 16], "joints_trigger_reference": [9], "joints_trigger": [4, 8, 12, 16, 20], "par_trigger_dist": 0.025, "par_trigger_length": 15, "time_gest": 4.216817855834961, "time_classifier": 0.0}, {"answer_predict": "F", "data_pose_track": [[0.37249553203582764, 0.5825924873352051, 0.1845225691795349, -0.405582070350647, 0.4627595543861389, -0.8056833744049072], [0.36771631240844727, 0.5843068659305573, 0.24189043045043945, -0.4115256816148758, 0.4627687633037567, -0.8087921142578125], [0.3707892894744873, 0.5839528292417526, 0.1366397738456726, -0.4122670739889145, 0.46008770167827606, -0.8299977779388428], [0.3729046583175659, 0.5846656411886215, 0.0641179084777832, -0.40906424820423126, 0.46132443845272064, -0.812443733215332], [0.35134875774383545, 0.5729651600122452, -0.22612178325653076, -0.40424294769763947, 0.46083612740039825, -0.8545032739639282], [0.151652991771698, 0.40373003482818604, -0.529633641242981, -0.42275483906269073, 0.45604968070983887, -0.7062922716140747], [0.07226371765136719, 0.322151854634285, -0.7351150512695312, -0.4268769323825836, 0.45584990084171295, -0.7004110813140869], [-0.11355260014533997, 0.22464466094970703, -0.8576438426971436, -0.4408564865589142, 0.45347630977630615, -0.5163741111755371], [-0.20426011085510254, 0.16035135090351105, -0.8525185585021973, -0.45090503990650177, 0.44780512154102325, -0.2306373119354248], [-0.21873939037322998, 0.14700397849082947, -0.8796101212501526, -0.453595370054245, 0.4432322382926941, -0.08492505550384521], [-0.22233536839485168, 0.15064604580402374, -0.8501013517379761, -0.4516136795282364, 0.43986158072948456, -0.14349472522735596], [-0.21553227305412292, 0.15307529270648956, -0.8634657859802246, -0.4450731426477432, 0.43067125976085663, -0.05431884527206421], [-0.2146226167678833, 0.15716926753520966, -0.8743232488632202, -0.4430202543735504, 0.4215911477804184, -0.20823585987091064], [-0.21026098728179932, 0.15823322534561157, -0.8705589771270752, -0.44007082283496857, 0.4228620231151581, -0.3732013702392578], [-0.216689795255661, 0.158556267619133, -0.8745083212852478, -0.44227755069732666, 0.42375151813030243, -0.28412145376205444], [-0.2082972526550293, 0.1582961082458496, -0.8341180682182312, -0.4387724697589874, 0.42383188009262085, -0.2127576470375061], [-0.20714071393013, 0.15877580642700195, -0.8502298593521118, -0.43673940002918243, 0.4254295229911804, -0.14878273010253906], [-0.20875585079193115, 0.1589297503232956, -0.8755496740341187, -0.43507885932922363, 0.4280291050672531, -0.12938153743743896], [-0.21553614735603333, 0.15719455480575562, -0.795556366443634, -0.43688787519931793, 0.4330035448074341, -0.24292856454849243], [-0.21516534686088562, 0.1541040986776352, -0.868564248085022, -0.43768996000289917, 0.4355752617120743, -0.2968785762786865]], "data_reduce_dim": [[1.2603808982531843, 0.7278951323211471, 2.309591070552891, 0.337397040274813, -0.2053748089969254, -1.095147811686635], [0.7278951323211471, 2.3015107008510993, -2.011920433016382, -2.424116642519133, 2.5826443835847135, -3.396077894861765], [2.309591070552891, -2.011920433016382, 10.551302039524764, 5.305092830427423, -5.217534618396973, 3.079239863465755], [0.337397040274813, -2.424116642519133, 5.305092830427423, 3.7415078272411764, -3.8215020605133914, 3.5691249290426654], [-0.2053748089969254, 2.5826443835847135, -5.217534618396973, -3.8215020605133914, 3.9197008659884647, -3.809913867182244], [-1.095147811686635, -3.396077894861765, 3.079239863465755, 3.5691249290426654, -3.809913867182244, 5.217080458886741]], "joints_tracked_reference": [0], "joints_tracked": [15, 16], "joints_trigger_reference": [9], "joints_trigger": [4, 8, 12, 16, 20], "par_trigger_dist": 0.025, "par_trigger_length": 15, "time_gest": 4.010700941085815, "time_classifier": 0.0}, {"answer_predict": "F", "data_pose_track": [[0.39667314291000366, 0.5193493068218231, -0.16356050968170166, -0.40610863268375397, 0.4572025239467621, -0.8571619987487793], [0.39943069219589233, 0.5245291590690613, -0.17485499382019043, -0.4061190038919449, 0.45686769485473633, -0.8884682655334473], [0.39469802379608154, 0.5234387367963791, -0.1496899127960205, -0.4030955731868744, 0.45680318772792816, -0.8986858129501343], [0.40319621562957764, 0.541214793920517, -0.01689136028289795, -0.4132230430841446, 0.4579986035823822, -0.8874238729476929], [0.35125935077667236, 0.5264576226472855, -0.34630119800567627, -0.4125267118215561, 0.45793791115283966, -0.8732225894927979], [0.23612314462661743, 0.4356124699115753, -0.5830507278442383, -0.4254554212093353, 0.4562714993953705, -0.6366052627563477], [0.028309404850006104, 0.29737594723701477, -0.6420527696609497, -0.44701001048088074, 0.4513481557369232, -0.6784383058547974], [-0.1499323546886444, 0.19580577313899994, -0.7617385983467102, -0.4511653035879135, 0.4496542364358902, -0.7001343369483948], [-0.18466970324516296, 0.17567653954029083, -0.8118991851806641, -0.44316501915454865, 0.44910843670368195, -0.423991322517395], [-0.19849041104316711, 0.1684228628873825, -0.8616892099380493, -0.43426135182380676, 0.4487982243299484, -0.21867501735687256], [-0.2087637484073639, 0.16374167799949646, -0.8310673236846924, -0.41763393580913544, 0.44435080885887146, -0.3744603395462036], [-0.20967188477516174, 0.16372115910053253, -0.8993182182312012, -0.42435310781002045, 0.44719211757183075, -0.22087645530700684], [-0.21035081148147583, 0.16414065659046173, -0.8680109977722168, -0.4214840978384018, 0.4438101798295975, -0.2233901023864746], [-0.207689106464386, 0.15960493683815002, -0.9452009201049805, -0.42200541496276855, 0.4468211531639099, -0.23775577545166016], [-0.2029319405555725, 0.1609409600496292, -0.9457383155822754, -0.42348507046699524, 0.44369037449359894, -0.32113564014434814], [-0.20645561814308167, 0.15995903313159943, -0.9060059785842896, -0.42210668325424194, 0.44562025368213654, -0.20547568798065186], [-0.19430044293403625, 0.16463308036327362, -0.9334123134613037, -0.4123578816652298, 0.4479815810918808, -0.2834010124206543], [-0.1900745928287506, 0.16336825489997864, -0.8544042706489563, -0.4019499719142914, 0.4472492039203644, -0.21405494213104248], [-0.19825920462608337, 0.1646043062210083, -0.8225934505462646, -0.40738774836063385, 0.44683244824409485, -0.26999056339263916], [-0.19246912002563477, 0.16538964211940765, -0.7926201224327087, -0.4023028612136841, 0.4437643438577652, -0.371257483959198]], "data_reduce_dim": [[1.3201321382107638, 0.71193273277256, 1.7364030479945924, 0.16891522268619852, -0.13003512531320371, -1.1078048321865115], [0.71193273277256, 2.0304351001793357, -2.7618286168638555, -2.310567787249088, 2.507253618148165, -3.4931861500776282], [1.7364030479945924, -2.7618286168638555, 10.701791069419226, 5.6190486856920705, -5.961010571321371, 5.002339378364184], [0.16891522268619852, -2.310567787249088, 5.6190486856920705, 3.5297929397862635, -3.778213703866674, 4.1005512516193745], [-0.13003512531320371, 2.507253618148165, -5.961010571321371, -3.778213703866674, 4.049896233435833, -4.427384081857886], [-1.1078048321865115, -3.4931861500776282, 5.002339378364184, 4.1005512516193745, -4.427384081857886, 6.242746786952814]], "joints_tracked_reference": [0], "joints_tracked": [15, 16], "joints_trigger_reference": [9], "joints_trigger": [4, 8, 12, 16, 20], "par_trigger_dist": 0.025, "par_trigger_length": 15, "time_gest": 4.033018589019775, "time_classifier": 0.0}], "I": [{"answer_predict": "I", "data_pose_track": [[0.0, 0.0, 0.0, 0.0, 0.0, 0.0], [0.4026455879211426, 0.2970845103263855, -0.9421286582946777, -0.41806262731552124, 0.297382116317749, -1.0134642124176025], [0.4024288058280945, 0.29810933768749237, -0.9088712930679321, -0.41818609833717346, 0.29747043550014496, -0.9886456727981567], [0.40178805589675903, 0.3061306029558182, -1.02880859375, -0.41864392161369324, 0.2972715049982071, -1.095778226852417], [0.4035649299621582, 0.3302178382873535, -1.0812466144561768, -0.42100152373313904, 0.29801905155181885, -1.0992186069488525], [0.40262579917907715, 0.3894159495830536, -0.8423396348953247, -0.41933269053697586, 0.297897070646286, -1.0062023401260376], [0.39713340997695923, 0.41236206889152527, -0.7440738677978516, -0.4242958202958107, 0.305136114358902, -1.0009896755218506], [0.3701513409614563, 0.44018539786338806, -0.3456209897994995, -0.4303073510527611, 0.3443458378314972, -0.6707712411880493], [0.32176947593688965, 0.46023479104042053, -0.3366508483886719, -0.467265784740448, 0.3588181436061859, -0.503635823726654], [0.29931068420410156, 0.4951300323009491, -0.43177157640457153, -0.4797859191894531, 0.3745588958263397, -0.34560447931289673], [0.29740089178085327, 0.5037301629781723, -0.5820296406745911, -0.472306489944458, 0.3856246918439865, -0.2526857256889343], [0.3024458885192871, 0.522050753235817, -0.4798182249069214, -0.4777434915304184, 0.38905031979084015, -0.2616056799888611], [0.2978132963180542, 0.5353640019893646, -0.3940809965133667, -0.48286233842372894, 0.3918571174144745, -0.1756536364555359], [0.29175788164138794, 0.5733276307582855, -0.2876351475715637, -0.47515882551670074, 0.394196480512619, -0.2860904335975647], [0.28404778242111206, 0.5896287560462952, -0.23140043020248413, -0.4714241623878479, 0.3935520052909851, -0.3454064726829529], [0.28715723752975464, 0.5975489914417267, -0.15956717729568481, -0.4748916029930115, 0.3939397633075714, -0.33390599489212036], [0.2796517014503479, 0.5998027175664902, -0.13181132078170776, -0.4730254262685776, 0.39239172637462616, -0.36513662338256836], [0.28195858001708984, 0.6000531166791916, -0.17014116048812866, -0.46640367805957794, 0.39506570994853973, -0.37436407804489136], [0.2837933897972107, 0.6015459448099136, -0.1314498782157898, -0.4652449041604996, 0.39482153952121735, -0.38660722970962524], [0.28602367639541626, 0.604359433054924, -0.11627429723739624, -0.46676234900951385, 0.39599375426769257, -0.3544694185256958], [0.28552496433258057, 0.6005627363920212, -0.09392178058624268, -0.46490781009197235, 0.3956436961889267, -0.296989381313324]], "data_reduce_dim": [[2.2167847842325834, 3.101089638599463, -3.4082103586072314, -2.9650365627372874, 2.323682398322271, -3.9938516242493556], [3.101089638599463, 5.006246015408041, -3.916794629182644, -4.481068832758988, 3.597891207961049, -4.790920673578438], [-3.4082103586072314, -3.916794629182644, 6.595559144750897, 4.158720550612494, -3.145005817876677, 7.101282042778049], [-2.9650365627372874, -4.481068832758988, 4.158720550612494, 4.1414757109181375, -3.288031548202979, 4.912276951702818], [2.323682398322271, 3.597891207961049, -3.145005817876677, -3.288031548202979, 2.621938437432, -3.7451201097782176], [-3.9938516242493556, -4.790920673578438, 7.101282042778049, 4.912276951702818, -3.7451201097782176, 8.36356849811737]], "joints_tracked_reference": [0], "joints_tracked": [15, 16], "joints_trigger_reference": [9], "joints_trigger": [4, 8, 12, 16, 20], "par_trigger_dist": 0.025, "par_trigger_length": 15, "time_gest": 4.030424356460571, "time_classifier": 0.0}, {"answer_predict": "I", "data_pose_track": [[0.39301860332489014, 0.6002462953329086, 0.2045198678970337, -0.433505617082119, 0.35287074744701385, -0.8244494199752808], [0.389670193195343, 0.599781721830368, 0.185979962348938, -0.42813748121261597, 0.3517354428768158, -0.86272644996643