{"F": [{"answer_predict": "F", "data_pose_track": [[0.0, 0.0, 0.0, 0.0, 0.0, 0.0], [0.33164530992507935, 0.5366541594266891, 0.5833174884319305, -0.370039239525795, 0.4291772097349167, -0.8344134092330933], [0.33631789684295654, 0.5363913327455521, 0.8590447381138802, -0.37155406177043915, 0.4125076085329056, -1.0326423048973083], [0.33384591341018677, 0.5354771316051483, 0.9654797837138176, -0.37346304953098297, 0.4257138669490814, -0.9916528463363647], [0.33435195684432983, 0.5344873368740082, 0.8023395538330078, -0.36877454817295074, 0.4225371778011322, -0.9702308177947998], [0.333917498588562, 0.531178280711174, 0.8342225402593613, -0.36541327834129333, 0.424771711230278, -0.8662681579589844], [0.34161293506622314, 0.5334525853395462, 0.8122686743736267, -0.36482323706150055, 0.446946457028389, -0.8271766901016235], [0.34161293506622314, 0.5334525853395462, 0.8122686743736267, -0.36482323706150055, 0.446946457028389, -0.8271766901016235], [0.13799995183944702, 0.3363378643989563, -0.37558841705322266, -0.3385714292526245, 0.5478270649909973, -0.07325196266174316], [0.06499895453453064, 0.3042912483215332, -0.2872962951660156, -0.35476841032505035, 0.594266414642334, 0.12803828716278076], [0.0398746132850647, 0.2925502359867096, -0.30777740478515625, -0.36716943234205246, 0.6213171184062958, 0.07208383083343506], [0.014300107955932617, 0.2713385075330734, -0.1940004825592041, -0.4166944697499275, 0.6200898438692093, 0.16574257612228394], [0.01071244478225708, 0.27792155742645264, -0.5431536436080933, -0.41914741694927216, 0.6198546886444092, -0.07222163677215576], [0.027556180953979492, 0.281480073928833, -0.39542853832244873, -0.43814267963171005, 0.6195746958255768, -0.008448362350463867], [0.022942543029785156, 0.2818940728902817, -0.49599361419677734, -0.4321393519639969, 0.6211819797754288, 0.14241039752960205], [0.02734839916229248, 0.28191928565502167, -0.4493175745010376, -0.4587743952870369, 0.626893475651741, 0.10681784152984619], [0.033131420612335205, 0.2857815623283386, -0.5542125701904297, -0.46905338764190674, 0.6312048435211182, 0.11587119102478027], [0.03718852996826172, 0.28803738951683044, -0.5708640813827515, -0.4655100554227829, 0.6292180716991425, 0.24012374877929688], [0.02404266595840454, 0.2805596590042114, -0.5864075422286987, -0.46875035762786865, 0.6243586838245392, 0.15806221961975098], [0.024199187755584717, 0.2785155773162842, -0.534762978553772, -0.46923810988664627, 0.6262628734111786, 0.19499051570892334], [0.020833611488342285, 0.28409789502620697, -0.6242455244064331, -0.46913447976112366, 0.6275763064622879, 0.20011818408966064]], "data_reduce_dim": [[0.8225324460561554, 1.4039228457761093, 1.7009056697517946, -1.0615939048654677, 1.3022029803667907, -2.099796836956397], [1.4039228457761093, 3.081393135224551, 1.3305934165455202, -2.9751943939385517, 3.9109925825103176, -3.0079591663466783], [1.7009056697517946, 1.3305934165455202, 7.577414764070999, 0.4996948115815405, -1.2260949014266407, -5.838983684782878], [-1.0615939048654677, -2.9751943939385517, 0.4996948115815405, 3.360689623719577, -4.548283997037302, 1.7223546401625733], [1.3022029803667907, 3.9109925825103176, -1.2260949014266407, -4.548283997037302, 6.235063315859922, -1.8640091243330872], [-2.099796836956397, -3.0079591663466783, -5.838983684782878, 1.7223546401625733, -1.8640091243330872, 6.071724396792966]], "joints_tracked_reference": [0], "joints_tracked": [15, 16], "joints_trigger_reference": [9], "joints_trigger": [4, 8, 12, 16, 20], "par_trigger_dist": 0.025, "par_trigger_length": 15, "time_gest": 4.050215482711792, "time_classifier": 0.0}, {"answer_predict": "F", "data_pose_track": [[0.0, 0.0, 0.0, 0.0, 0.0, 0.0], [0.0, 0.0, 0.0, 0.0, 0.0, 0.0], [0.27997657656669617, 0.6232725083827972, 0.570035994052887, -0.3573029041290283, 0.4015187919139862, -0.7495136260986328], [0.2711946666240692, 0.6222120523452759, 0.5617877244949341, -0.3484061360359192, 0.4037289619445801, -0.5821821689605713], [0.2630312144756317, 0.6230373829603195, 0.5054724812507629, -0.3430720120668411, 0.4044480174779892, -0.6430099010467529], [0.27683761715888977, 0.622183158993721, 0.6857763528823853, -0.3569546043872833, 0.40540654957294464, -0.7718994617462158], [0.27366432547569275, 0.6226254850625992, 0.6073506474494934, -0.35348978638648987, 0.40978212654590607, -0.6900527477264404], [0.27366432547569275, 0.6226254850625992, 0.6073506474494934, -0.35348978638648987, 0.40978212654590607, -0.6900527477264404], [0.1440972089767456, 0.3890029788017273, -0.38112545013427734, -0.3277088552713394, 0.566019594669342, -0.23078393936157227], [0.0472165048122406, 0.33176831901073456, -0.2457905411720276, -0.3542422875761986, 0.6324039548635483, 0.10049819946289062], [-0.002708613872528076, 0.29066622257232666, -0.3502745032310486, -0.4276275187730789, 0.6549367606639862, 0.19517236948013306], [-0.029625236988067627, 0.28925561904907227, -0.33185625076293945, -0.397926889359951, 0.6789327561855316, 0.5618093758821487], [-0.033982545137405396, 0.2823348790407181, -0.29389631748199463, -0.3909141346812248, 0.6673024743795395, 0.49879905581474304], [-0.0483364462852478, 0.27741365134716034, -0.34742629528045654, -0.47878094017505646, 0.6744738966226578, 0.38669878244400024], [-0.05117836594581604, 0.2635249197483063, -0.3882652521133423, -0.41455671191215515, 0.6710225641727448, 0.650685727596283], [-0.04754173755645752, 0.27005068957805634, -0.24662643671035767, -0.4232615903019905, 0.6640738695859909, 0.48066721856594086], [-0.04554557800292969, 0.2690166234970093, -0.13878095149993896, -0.43050432950258255, 0.6634016335010529, 0.5219103917479515], [-0.04222506284713745, 0.2721865475177765, -0.24169397354125977, -0.49065636843442917, 0.6638806164264679, 0.6116573512554169], [-0.046267807483673096, 0.2727613300085068, -0.21212148666381836, -0.505874827504158, 0.6612774282693863, 0.542235255241394], [-0.04133725166320801, 0.2781934589147568, -0.11035335063934326, -0.5176342651247978, 0.66165392100811, 0.7097647786140442], [-0.03082910180091858, 0.2682368606328964, -0.22242844104766846, -0.4391341060400009, 0.6566818207502365, 0.6773501336574554], [-0.03755688667297363, 0.26874129474163055, -0.06894135475158691, -0.4691940248012543, 0.6640228182077408, 0.7328757345676422], [-0.03244781494140625, 0.26843301951885223, -0.16788727045059204, -0.4274255782365799, 0.6624171286821365, 0.7653473243117332]], "data_reduce_dim": [[0.49091195329314097, 0.9582404700605953, 1.0156033947400065, -0.42013236821546984, 0.4502758429956919, -1.4429827221326734], [0.9582404700605953, 3.5692971752161675, 1.1119279672403017, -3.156610975157074, 4.320404817309975, -0.6210506390647536], [1.0156033947400065, 1.1119279672403017, 3.178495688125338, 0.33793529598192507, -1.0135962309977096, -4.033860119189624], [-0.42013236821546984, -3.156610975157074, 0.33793529598192507, 3.596828385012574, -5.131498945913055, -1.8006298977582684], [0.4502758429956919, 4.320404817309975, -1.0135962309977096, -5.131498945913055, 7.456534391424619, 3.136066804560791], [-1.4429827221326734, -0.6210506390647536, -4.033860119189624, -1.8006298977582684, 3.136066804560791, 7.35816219372991]], "joints_tracked_reference": [0], "joints_tracked": [15, 16], "joints_trigger_reference": [9], "joints_trigger": [4, 8, 12, 16, 20], "par_trigger_dist": 0.025, "par_trigger_length": 15, "time_gest": 4.194805145263672, "time_classifier": 0.0}, {"answer_predict": "F", "data_pose_track": [[0.0, 0.0, 0.0, 0.0, 0.0, 0.0], [0.3553904891014099, 0.5438749939203262, -0.13305532932281494, -0.4717554822564125, 0.6679791361093521, -0.27698755264282227], [0.3519282937049866, 0.5427238196134567, -0.1837543249130249, -0.47146299481391907, 0.6690060943365097, -0.24889278411865234], [0.3522627353668213, 0.5428751111030579, -0.04014188051223755, -0.4751645252108574, 0.6644812822341919, -0.3134058713912964], [0.34897708892822266, 0.5427104830741882, -0.1981363296508789, -0.47345756739377975, 0.6679695844650269, -0.25349104404449463], [0.35362672805786133, 0.5413361489772797, -0.2621283531188965, -0.47332220524549484, 0.663476973772049, -0.17589080333709717], [0.22136497497558594, 0.52204430103302, -0.23198997974395752, -0.43668118119239807, 0.6656062602996826, 0.2065047025680542], [0.05196118354797363, 0.3351026326417923, -0.6249155402183533, -0.3898845687508583, 0.6878311187028885, 1.1230440586805344], [-0.021869003772735596, 0.2797597348690033, -0.6531187295913696, -0.4638778045773506, 0.6910215318202972, 0.21776032447814941], [-0.045230746269226074, 0.26543571054935455, -0.7183352708816528, -0.5116667151451111, 0.6915309280157089, 0.3955279588699341], [-0.04719865322113037, 0.2606508880853653, -0.7007484436035156, -0.5184530466794968, 0.6912268251180649, 0.7134507298469543], [-0.05226987600326538, 0.25359849631786346, -0.6144540309906006, -0.5337871983647346, 0.6909773796796799, 0.5445360541343689], [-0.05031406879425049, 0.24938951432704926, -0.7215864658355713, -0.535443402826786, 0.6926857382059097, 0.8426423668861389], [-0.05097168684005737, 0.2523535192012787, -0.8424639701843262, -0.5422129705548286, 0.6946634650230408, 0.7058296799659729], [-0.04556649923324585, 0.2587847262620926, -0.689353346824646, -0.5400485098361969, 0.6972859054803848, 0.7492891550064087], [-0.04877054691314697, 0.25334835052490234, -0.781484842300415, -0.5501373820006847, 0.6973998844623566, 0.4545780420303345], [-0.04985421895980835, 0.2541090250015259, -0.7321115732192993, -0.549946490675211, 0.6980206668376923, 0.48191046714782715], [-0.05160897970199585, 0.2514447718858719, -0.7303520441055298, -0.5508134178817272, 0.6968758553266525, 0.3638359308242798], [-0.04759716987609863, 0.2571590393781662, -0.6711094379425049, -0.5516070164740086, 0.6969881802797318, 0.5789505243301392], [-0.050894975662231445, 0.25385239720344543, -0.7756369113922119, -0.5576012320816517, 0.6969288289546967, 0.5809435844421387], [-0.048415422439575195, 0.25739534199237823, -0.7206953763961792, -0.5531803406774998, 0.697935625910759, 0.8348591923713684]], "data_reduce_dim": [[0.702201435723083, 0.9328142826173016, 0.0694797432810077, -0.6215554218756547, 0.933341140498551, -0.7028486315166624], [0.9328142826173016, 2.7200911622436434, -3.1792979280258846, -3.4318188309755344, 4.712617662789851, 1.7079708912072566], [0.0694797432810077, -3.1792979280258846, 7.373723528448458, 5.744757293867465, -7.628077269912871, -5.952905742698282], [-0.6215554218756547, -3.4318188309755344, 5.744757293867465, 5.1942486683099105, -6.9716472277345645, -3.950956830492813], [0.933341140498551, 4.712617662789851, -7.628077269912871, -6.9716472277345645, 9.415229459356452, 5.25202170667527], [-0.7028486315166624, 1.7079708912072566, -5.952905742698282, -3.950956830492813, 5.25202170667527, 6.355954221511359]], "joints_tracked_reference": [0], "joints_tracked": [15, 16], "joints_trigger_reference": [9], "joints_trigger": [4, 8, 12, 16, 20], "par_trigger_dist": 0.025, "par_trigger_length": 15, "time_gest": 4.005766868591309, "time_classifier": 0.0}, {"answer_predict": "F", "data_pose_track": [[0.21357646584510803, 0.6013088375329971, 0.31004828214645386, -0.36136461794376373, 0.5924071818590164, -0.020612239837646484], [0.2114982306957245, 0.6052898615598679, 0.2559330463409424, -0.36606528609991074, 0.6010809391736984, -0.24664103984832764], [0.21116918325424194, 0.6084650754928589, 0.19217288494110107, -0.3708081468939781, 0.6031597852706909, -0.3606243133544922], [0.21122288703918457, 0.6094031631946564, 0.21978509426116943, -0.37278036773204803, 0.6025119125843048, -0.3791844844818115], [0.20491701364517212, 0.6009252518415451, 0.10916614532470703, -0.36656929552555084, 0.5911758989095688, -0.41971832513809204], [0.20491701364517212, 0.6009252518415451, 0.10916614532470703, -0.36656929552555084, 0.5911758989095688, -0.41971832513809204], [0.009194403886795044, 0.3185134381055832, -0.2665103077888489, -0.3566250801086426, 0.6327640861272812, 0.21574783325195312], [-0.02194112539291382, 0.28437645733356476, -0.3235873579978943, -0.35715024173259735, 0.6466351002454758, 0.269553542137146], [-0.06800538301467896, 0.2560242861509323, -0.6627361178398132, -0.43440811336040497, 0.641191229224205, 0.02104973793029785], [-0.0727611780166626, 0.24958732724189758, -0.7542872130870819, -0.3859329968690872, 0.6417298018932343, 0.39265580102801323], [-0.07405388355255127, 0.24735379219055176, -0.48182642459869385, -0.37212489545345306, 0.6431857347488403, 0.3139479160308838], [-0.07502362132072449, 0.2448273003101349, -0.46036291122436523, -0.35628592222929, 0.6461857259273529, 0.226353257894516], [-0.07605224847793579, 0.24918882548809052, -0.4723898470401764, -0.3504198417067528, 0.6495830565690994, 0.3073219060897827], [-0.08738678693771362, 0.24012115597724915, -0.4668494462966919, -0.4114264249801636, 0.6496917903423309, 0.0995248556137085], [-0.07340660691261292, 0.24712401628494263, -0.47471874952316284, -0.362347848713398, 0.648847907781601, 0.38667103089392185], [-0.0941343903541565, 0.24583382904529572, -0.41724902391433716, -0.3586665987968445, 0.6501822024583817, 0.20917391777038574], [-0.09412133693695068, 0.24859410524368286, -0.4749253988265991, -0.35294121503829956, 0.6494786143302917, 0.2684856355190277], [-0.09416607022285461, 0.24586164951324463, -0.42934760451316833, -0.3573203906416893, 0.6494852602481842, 0.263155996799469], [-0.0917312502861023, 0.24683496356010437, -0.3515568673610687, -0.3621038496494293, 0.6498851180076599, 0.3249841779470444], [-0.08959239721298218, 0.2493976354598999, -0.4597824215888977, -0.35507752001285553, 0.6494473814964294, 0.362164631485939]], "data_reduce_dim": [[0.3469710010762821, 0.5116109136249718, 0.7363342736134628, -0.09054892236142775, 0.10069122136181674, -0.6514429430851356], [0.5116109136249718, 3.1096912197525963, -0.9180897254800624, -2.651555224396577, 4.47336675474312, -0.18534645574618036], [0.7363342736134628, -0.9180897254800624, 3.4841384773529214, 1.9848523082144434, -3.483193649836973, -2.0078554844457157], [-0.09054892236142775, -2.651555224396577, 1.9848523082144434, 2.7290552553394303, -4.658632617801288, -0.6496847534121658], [0.10069122136181674, 4.47336675474312, -3.483193649836973, -4.658632617801288, 7.986343552582061, 1.2646794335781801], [-0.6514429430851356, -0.18534645574618036, -2.0078554844457157, -0.6496847534121658, 1.2646794335781801, 1.7867750972576588]], "joints_tracked_reference": [0], "joints_tracked": [15, 16], "joints_trigger_reference": [9], "joints_trigger": [4, 8, 12, 16, 20], "par_trigger_dist": 0.025, "par_trigger_length": 15, "time_gest": 4.043039321899414, "time_classifier": 0.0}, {"answer_predict": "F", "data_pose_track": [[0.0, 0.0, 0.0, 0.0, 0.0, 0.0], [0.0, 0.0, 0.0, 0.0, 0.0, 0.0], [0.0, 0.0, 0.0, 0.0, 0.0, 0.0], [0.3468007445335388, 0.5728826969861984, -0.11386173963546753, -0.350848525762558, 0.6507760733366013, -0.035996437072753906], [0.3583900034427643, 0.5773970484733582, 0.0046683549880981445, -0.3608647659420967, 0.6223756670951843, -0.3079272508621216], [0.37247586250305176, 0.5842950940132141, 0.28145068883895874, -0.3816673010587692, 0.614310085773468, -0.455236554145813], [0.37753480672836304, 0.5911740213632584, -0.035240113735198975, -0.39869653433561325, 0.6098843365907669, -0.5056509971618652], [0.3871597647666931, 0.5978828519582748, -0.05007648468017578, -0.4119904786348343, 0.6118787974119186, -0.546367347240448], [0.3871597647666931, 0.5978828519582748, -0.05007648468017578, -0.4119904786348343, 0.6118787974119186, -0.546367347240448], [0.11467289924621582, 0.36530838906764984, -0.49448323249816895, -0.3392009735107422, 0.6453704088926315, 0.06454503536224365], [0.028636127710342407, 0.2907503992319107, -0.36312609910964966, -0.3337819278240204, 0.6780862957239151, 0.6425904631614685], [-0.02414301037788391, 0.2503342628479004, -0.47559571266174316, -0.3353452757000923, 0.6725926101207733, 0.2877018451690674], [-0.07150065898895264, 0.22268186509609222, -0.4967948794364929, -0.3895294591784477, 0.671884223818779, 0.1641380786895752], [-0.08779212832450867, 0.2149602323770523, -0.6345677971839905, -0.41716915369033813, 0.6846797317266464, 0.3018476963043213], [-0.09765255451202393, 0.21964868903160095, -0.6152161955833435, -0.3725241720676422, 0.678227573633194, 0.5809650458395481], [-0.09208407998085022, 0.2345706671476364, -0.6088429093360901, -0.3667744919657707, 0.6855734139680862, 0.27873438596725464], [-0.09380698204040527, 0.23471032083034515, -0.5848172307014465, -0.36644764244556427, 0.6854907125234604, 0.2652031183242798], [-0.12281885743141174, 0.21641860902309418, -0.5673327445983887, -0.36534878611564636, 0.6810482889413834, 0.6288143191486597], [-0.1286863088607788, 0.2190532684326172, -0.5180996656417847, -0.3662804812192917, 0.6854340136051178, 0.3533363938331604], [-0.12152808904647827, 0.23203571140766144, -0.4914897680282593, -0.36284133791923523, 0.6801256984472275, 0.29248669743537903], [-0.12324714660644531, 0.23547770082950592, -0.5105563998222351, -0.3625440001487732, 0.6744710355997086, 0.22206613421440125], [-0.11989906430244446, 0.23718580603599548, -0.4365882873535156, -0.3653527572751045, 0.6726765930652618, 0.45434053242206573], [-0.12318721413612366, 0.23662273585796356, -0.5220504999160767, -0.36910799890756607, 0.6754815429449081, 0.51774962246418]], "data_reduce_dim": [[0.9751126027557042, 1.0841213797177311, 0.5972154642700271, -0.4639970125373474, 0.6554755829510399, -1.3368959208975943], [1.0841213797177311, 2.9185625699171878, -1.7439392712976645, -2.5987615252689205, 4.485644468073998, -0.21363876360277811], [0.5972154642700271, -1.7439392712976645, 3.9973665503335454, 2.6722901720831627, -4.936573622817546, -2.6759124257118705], [-0.4639970125373474, -2.5987615252689205, 2.6722901720831627, 2.7701447920306497, -4.894432296947334, -0.892151671048873], [0.6554755829510399, 4.485644468073998, -4.936573622817546, -4.894432296947334, 8.717686513808939, 1.9575207159339858], [-1.3368959208975943, -0.21363876360277811, -2.6759124257118705, -0.892151671048873, 1.9575207159339858, 3.389138818672886]], "joints_tracked_reference": [0], "joints_tracked": [15, 16], "joints_trigger_reference": [9], "joints_trigger": [4, 8, 12, 16, 20], "par_trigger_dist": 0.025, "par_trigger_length": 15, "time_gest": 4.197545766830444, "time_classifier": 0.0}, {"answer_predict": "F", "data_pose_track": [[0.0, 0.0, 0.0, 0.0, 0.0, 0.0], [0.29187363386154175, 0.5749523788690567, -0.017772197723388672, -0.35836517065763474, 0.5826764851808548, -0.5614417195320129], [0.2808918058872223, 0.5755640119314194, 0.15546643733978271, -0.3554910346865654, 0.5724547356367111, -0.49892640113830566], [0.26538652181625366, 0.5692387521266937, -0.04870122671127319, -0.3406347259879112, 0.5806663334369659, -0.4242095947265625], [0.26538652181625366, 0.5692387521266937, -0.04870122671127319, -0.3406347259879112, 0.5806663334369659, -0.4242095947265625], [0.0662519633769989, 0.3446800261735916, -0.32090169191360474, -0.3268488496541977, 0.6515928655862808, 0.606896236538887], [-0.044833093881607056, 0.23438550531864166, -0.44598114490509033, -0.32838812470436096, 0.6667795926332474, 0.3424460291862488], [-0.09166008234024048, 0.20255833864212036, -0.5197301506996155, -0.3644057884812355, 0.6708075106143951, 0.1558837592601776], [-0.13814622163772583, 0.18912716209888458, -0.6591904759407043, -0.41026050597429276, 0.6674970537424088, 0.10883331298828125], [-0.15357109904289246, 0.20205366611480713, -0.7926034927368164, -0.44398823380470276, 0.6641459167003632, 0.12309300899505615], [-0.18721288442611694, 0.19855214655399323, -0.931483268737793, -0.49040862917900085, 0.672314003109932, 0.19441735744476318], [-0.21191030740737915, 0.19558067619800568, -1.0036193132400513, -0.5042462050914764, 0.6742402464151382, -0.19949555397033691], [-0.2553268373012543, 0.2134283035993576, -0.8976190090179443, -0.5051917135715485, 0.6727880090475082, 0.3113137483596802], [-0.15679627656936646, 0.22711844742298126, -0.395757257938385, -0.376871295273304, 0.676259770989418, 0.8194704055786133], [-0.1554800271987915, 0.22436226904392242, -0.46846866607666016, -0.3758441135287285, 0.6411106139421463, 0.3086211532354355], [-0.17008733749389648, 0.22237281501293182, -0.4035978317260742, -0.36511023342609406, 0.6578898876905441, 0.4892689287662506], [-0.16720208525657654, 0.22476087510585785, -0.5085592865943909, -0.3747730478644371, 0.6359845250844955, 0.7259785681962967], [-0.15878814458847046, 0.22588872909545898, -0.3433331251144409, -0.3653348386287689, 0.6362391412258148, 0.5492767435498536], [-0.14907249808311462, 0.22810760140419006, -0.44751954078674316, -0.3587680906057358, 0.6377666592597961, 0.5518612242303789], [-0.14624667167663574, 0.22913776338100433, -0.41670167446136475, -0.3598926216363907, 0.639514222741127, 0.5221351301297545], [-0.15787985920906067, 0.23094014823436737, -0.5148106217384338, -0.3773581087589264, 0.6347877532243729, 0.6123625040054321], [-0.14953866600990295, 0.22897805273532867, -0.4060265123844147, -0.3638123944401741, 0.6348539441823959, 0.6510174721479416]], "data_reduce_dim": [[0.7293238206680686, 0.11513037183875374, 1.500776451859763, 0.6141320246175679, -0.952608452167381, -1.4471104158958912], [0.11513037183875374, 2.187717161582274, -2.0402565083315873, -2.2856369124536307, 3.8260824986010897, 0.5270072582651047], [1.500776451859763, -2.0402565083315873, 6.063900482375723, 3.9048227320854787, -6.218111083338114, -3.1526620506759966], [0.6141320246175679, -2.2856369124536307, 3.9048227320854787, 3.1732632526182556, -5.198873866303886, -1.8814249905832385], [-0.952608452167381, 3.8260824986010897, -6.218111083338114, -5.198873866303886, 8.638771482755278, 3.3559960260491586], [-1.4471104158958912, 0.5270072582651047, -3.1526620506759966, -1.8814249905832385, 3.3559960260491586, 4.84635356292163]], "joints_tracked_reference": [0], "joints_tracked": [15, 16], "joints_trigger_reference": [9], "joints_trigger": [4, 8, 12, 16, 20], "par_trigger_dist": 0.025, "par_trigger_length": 15, "time_gest": 4.186330556869507, "time_classifier": 0.0}, {"answer_predict": "F", "data_pose_track": [[0.0, 0.0, 0.0, 0.0, 0.0, 0.0], [0.3170080780982971, 0.6046477258205414, 0.120785653591156, -0.40741223096847534, 0.5817824304103851, -0.5389307141304016], [0.31429266929626465, 0.6054864972829819, 0.13868993520736694, -0.4104700982570648, 0.5807176679372787, -0.5314798355102539], [0.31396913528442383, 0.6047132611274719, 0.060002028942108154, -0.4150659963488579, 0.5776363611221313, -0.514744222164154], [0.31151676177978516, 0.6053085178136826, 0.08061438798904419, -0.419694148004055, 0.5780464261770248, -0.4709334969520569], [0.30501431226730347, 0.6040804386138916, 0.1075129508972168, -0.4212232902646065, 0.5766128301620483, -0.48374032974243164], [0.30371707677841187, 0.6048447042703629, 0.097831130027771, -0.4224425032734871, 0.5771334916353226, -0.4877501130104065], [0.30371707677841187, 0.6048447042703629, 0.097831130027771, -0.4224425032734871, 0.5771334916353226, -0.4877501130104065], [0.03527840971946716, 0.32432888448238373, -0.6340890526771545, -0.3404375985264778, 0.652471587061882, 0.7998634874820709], [-0.0455472469329834, 0.25361236929893494, -0.5538984537124634, -0.3401433750987053, 0.6697183847427368, 0.5823833495378494], [-0.09333699941635132, 0.24059876799583435, -0.6712846159934998, -0.3426760733127594, 0.6659251153469086, 0.23120668530464172], [-0.10209032893180847, 0.24251243472099304, -0.6349026560783386, -0.3399619236588478, 0.6621944308280945, 0.20393973588943481], [-0.10530799627304077, 0.24500755965709686, -0.5964066982269287, -0.34017933160066605, 0.6647291034460068, 0.4980844911187887], [-0.10913491249084473, 0.24477748572826385, -0.6070992946624756, -0.34291186183691025, 0.6628478318452835, 0.4110800474882126], [-0.10399806499481201, 0.24749843776226044, -0.6287651062011719, -0.3427203372120857, 0.6634281426668167, 0.45481742173433304], [-0.10049548745155334, 0.2534015625715256, -0.574547529220581, -0.34346751123666763, 0.6615372747182846, 0.4007517844438553], [-0.10104605555534363, 0.2532753348350525, -0.550861120223999, -0.3431928902864456, 0.6602910161018372, 0.34748516976833344], [-0.10002073645591736, 0.25378870964050293, -0.5143454670906067, -0.34284868091344833, 0.6617121398448944, 0.34731341898441315], [-0.09885603189468384, 0.2531743794679642, -0.5128185153007507, -0.34412122517824173, 0.6606735736131668, 0.27039268612861633], [-0.09953838586807251, 0.2497696578502655, -0.5074936747550964, -0.3447611331939697, 0.6598187685012817, 0.40161675214767456], [-0.09809872508049011, 0.2519657611846924, -0.5723841786384583, -0.34665747731924057, 0.6547302305698395, 0.26657381653785706]], "data_reduce_dim": [[0.7883018810467615, 1.0354315541749592, 0.865041673406779, -0.5194130491902043, 0.5116374812939322, -1.4783320177749069], [1.0354315541749592, 3.411023764868201, -1.5030337953838053, -2.9006174013647397, 4.64049343956418, -0.765174969014393], [0.865041673406779, -1.5030337953838053, 4.503097198177553, 2.296476872949858, -4.593732307543116, -3.397521374994932], [-0.5194130491902043, -2.9006174013647397, 2.296476872949858, 2.7433493835365326, -4.634775722624855, -0.3202509100319027], [0.5116374812939322, 4.64049343956418, -4.593732307543116, -4.634775722624855, 8.03172307358847, 1.4151318904293464], [-1.4783320177749069, -0.765174969014393, -3.397521374994932, -0.3202509100319027, 1.4151318904293464, 4.174840286503345]], "joints_tracked_reference": [0], "joints_tracked": [15, 16], "joints_trigger_reference": [9], "joints_trigger": [4, 8, 12, 16, 20], "par_trigger_dist": 0.025, "par_trigger_length": 15, "time_gest": 4.015853404998779, "time_classifier": 0.0}, {"answer_predict": "F", "data_pose_track": [[0.0, 0.0, 0.0, 0.0, 0.0, 0.0], [0.32563716173171997, 0.6112572699785233, 0.012624204158782959, -0.419168084859848, 0.5716068893671036, -0.641891598701477], [0.32787150144577026, 0.6095950901508331, -0.0047563910484313965, -0.4191824272274971, 0.5739594995975494, -0.6295494437217712], [0.32470571994781494, 0.6240239888429642, 0.16481518745422363, -0.4133773073554039, 0.5752588659524918, -0.4808838367462158], [0.3263678550720215, 0.6242154240608215, 0.18809467554092407, -0.41721490025520325, 0.5773395299911499, -0.5445646643638611], [0.3293644189834595, 0.6237474977970123, -0.05627864599227905, -0.42245426028966904, 0.5680845677852631, -0.6600546836853027], [0.3293644189834595, 0.6237474977970123, -0.05627864599227905, -0.42245426028966904, 0.5680845677852631, -0.6600546836853027], [0.03394255042076111, 0.3381279706954956, -0.29883962869644165, -0.35245098918676376, 0.6521787047386169, 0.8034952953457832], [-0.057217031717300415, 0.2641887068748474, -0.4858109951019287, -0.4221205562353134, 0.6622306704521179, 0.5213291049003601], [-0.10275521874427795, 0.2405848652124405, -0.6545472145080566, -0.39745280146598816, 0.6459032148122787, 0.5617063939571381], [-0.13391399383544922, 0.24553968012332916, -0.743852436542511, -0.4599304124712944, 0.6609979420900345, 0.33437180519104004], [-0.1270766258239746, 0.24244914948940277, -0.7096422910690308, -0.41203562915325165, 0.6624068766832352, 0.29025721549987793], [-0.13427814841270447, 0.24955594539642334, -0.6815959215164185, -0.464743934571743, 0.6761406362056732, 0.8484411537647247], [-0.13672605156898499, 0.24917472898960114, -0.7905123233795166, -0.4940684586763382, 0.6853066235780716, 0.8130990862846375], [-0.14408090710639954, 0.25481192767620087, -0.7171622514724731, -0.5148165076971054, 0.6825668066740036, 0.648307740688324], [-0.12425452470779419, 0.24483130872249603, -0.7530733346939087, -0.46731776744127274, 0.6706125885248184, 1.007404014468193], [-0.11701980233192444, 0.24453601241111755, -0.7304585576057434, -0.4225829020142555, 0.6668533086776733, 0.8274714723229408], [-0.10898140072822571, 0.2414720207452774, -0.6533301472663879, -0.39567431062459946, 0.6543957144021988, 0.7801265344023705], [-0.13341137766838074, 0.24727356433868408, -0.6473144292831421, -0.47402890026569366, 0.6661729216575623, 0.8841181099414825], [-0.11352229118347168, 0.24736247956752777, -0.5001824498176575, -0.4056628346443176, 0.6694206446409225, 1.1118019223213196], [-0.12424296140670776, 0.24933716654777527, -0.5133072137832642, -0.43824901431798935, 0.6697044968605042, 0.8156019449234009]], "data_reduce_dim": [[0.8361327805495842, 0.8424003906850857, 1.1151901228922458, -0.13711577647807127, 0.10534354641019394, -2.297073284833097], [0.8424003906850857, 3.215338676095868, -2.0690438569541882, -3.106690755514135, 4.497089216985141, 0.3713710968788638], [1.1151901228922458, -2.0690438569541882, 5.943734960942898, 3.833071801476381, -5.7787916051535415, -6.534074972965874], [-0.13711577647807127, -3.106690755514135, 3.833071801476381, 3.7549605034988596, -5.521089242703782, -2.9697371222306836], [0.10534354641019394, 4.497089216985141, -5.7787916051535415, -5.521089242703782, 8.17839800580887, 4.766890792028375], [-2.297073284833097, 0.3713710968788638, -6.534074972965874, -2.9697371222306836, 4.766890792028375, 10.428887806204257]], "joints_tracked_reference": [0], "joints_tracked": [15, 16], "joints_trigger_reference": [9], "joints_trigger": [4, 8, 12, 16, 20], "par_trigger_dist": 0.025, "par_trigger_length": 15, "time_gest": 4.011433839797974, "time_classifier": 0.0}, {"answer_predict": "F", "data_pose_track": [[0.0, 0.0, 0.0, 0.0, 0.0, 0.0], [0.28747794032096863, 0.617287665605545, 0.16467106342315674, -0.3773079290986061, 0.5613590776920319, -0.5435423851013184], [0.2980884909629822, 0.6109512597322464, 0.13970714807510376, -0.39071180671453476, 0.5520066171884537, -0.6702954769134521], [0.28770434856414795, 0.6136883795261383, 0.22140073776245117, -0.3809378072619438, 0.5576899945735931, -0.5997772812843323], [0.28537923097610474, 0.6200016587972641, 0.20249414443969727, -0.3831195831298828, 0.5574934333562851, -0.573000431060791], [0.28667593002319336, 0.6016538888216019, -0.06398248672485352, -0.40272241085767746, 0.5591481477022171, -0.2741970419883728], [0.28667593002319336, 0.6016538888216019, -0.06398248672485352, -0.40272241085767746, 0.5591481477022171, -0.2741970419883728], [0.13169661164283752, 0.40035291016101837, -0.30034130811691284, -0.3486423045396805, 0.624501183629036, 0.011938333511352539], [0.003667593002319336, 0.2857047915458679, -0.5980777144432068, -0.34503544121980667, 0.6710285842418671, 0.492462158203125], [-0.06835877895355225, 0.25987736880779266, -0.5179454684257507, -0.3845835104584694, 0.6781202405691147, 0.24410003423690796], [-0.1028597354888916, 0.2575303465127945, -0.6909044981002808, -0.4308655560016632, 0.6705410331487656, 0.2304600477218628], [-0.11203259229660034, 0.2619257718324661, -0.7382068634033203, -0.46452078223228455, 0.6798358708620071, 0.28201043605804443], [-0.0943581759929657, 0.2728353887796402, -0.6985207796096802, -0.3697677031159401, 0.6682350188493729, 0.3604021966457367], [-0.09791299700737, 0.26465898752212524, -0.6731470227241516, -0.34748174995183945, 0.6653358042240143, 0.5390462875366211], [-0.08728858828544617, 0.264036163687706, -0.49449193477630615, -0.3443830981850624, 0.660642221570015, 0.7525778822600842], [-0.11101144552230835, 0.2666348069906235, -0.4493842124938965, -0.4357016012072563, 0.6853529065847397, 0.8361018002033234], [-0.12052443623542786, 0.26130272448062897, -0.62204909324646, -0.45897410809993744, 0.6806217581033707, 0.6745432913303375], [-0.12267693877220154, 0.2606963664293289, -0.564767599105835, -0.4304068014025688, 0.6746602207422256, 1.0088150724768639], [-0.11099925637245178, 0.25956347584724426, -0.5302366614341736, -0.40426168590784073, 0.6709703803062439, 0.7698926031589508], [-0.09288984537124634, 0.26327115297317505, -0.5982612371444702, -0.36619625240564346, 0.6537919044494629, 0.5446329265832901], [-0.10466492176055908, 0.2627072185277939, -0.42043954133987427, -0.39932170510292053, 0.6684716492891312, 0.5010649710893631]], "data_reduce_dim": [[0.6451565225318951, 0.7896619992263987, 0.8487745556618886, -0.22315411043165145, 0.22735833188815446, -1.5568080195134717], [0.7896619992263987, 3.3109031435718226, -1.7600562592637505, -2.93659253845468, 4.6044111692727485, 0.12055528588344477], [0.8487745556618886, -1.7600562592637505, 4.7925830756656005, 2.911959492417974, -4.9525733819407325, -4.485389322645076], [-0.22315411043165145, -2.93659253845468, 2.911959492417974, 3.1200115720257235, -5.003408797793986, -1.7610269810436545], [0.22735833188815446, 4.6044111692727485, -4.9525733819407325, -5.003408797793986, 8.117154285122862, 3.231002683613454], [-1.5568080195134717, 0.12055528588344477, -4.485389322645076, -1.7610269810436545, 3.231002683613454, 6.3170953003384565]], "joints_tracked_reference": [0], "joints_tracked": [15, 16], "joints_trigger_reference": [9], "joints_trigger": [4, 8, 12, 16, 20], "par_trigger_dist": 0.025, "par_trigger_length": 15, "time_gest": 4.005589962005615, "time_classifier": 0.0}, {"answer_predict": "F", "data_pose_track": [[0.21798747777938843, 0.6449311375617981, 0.3862520456314087, -0.29202502965927124, 0.46534913778305054, -0.4502755403518677], [0.21654865145683289, 0.6459250152111053, 0.4204493761062622, -0.30954138934612274, 0.47789260745048523, -0.35444772243499756], [0.2221735417842865, 0.6450735628604889, 0.368461012840271, -0.321831151843071, 0.47922512888908386, -0.40205085277557373], [0.21404585242271423, 0.6456505954265594, 0.44928210973739624, -0.31322286278009415, 0.48096612095832825, -0.38229501247406006], [0.22007888555526733, 0.6449768096208572, 0.44532310962677, -0.3207767605781555, 0.4826938658952713, -0.31015872955322266], [0.21373829245567322, 0.6435591280460358, 0.4247303605079651, -0.31113502383232117, 0.478009432554245, -0.39739108085632324], [0.21373829245567322, 0.6435591280460358, 0.4247303605079651, -0.31113502383232117, 0.478009432554245, -0.39739108085632324], [0.09142133593559265, 0.3751800209283829, -0.18607664108276367, -0.3247068077325821, 0.5957922488451004, -0.035288333892822266], [0.05753782391548157, 0.32333430647850037, -0.16886210441589355, -0.3270600214600563, 0.6270968616008759, 0.11698341369628906], [0.0120278000831604, 0.2795993536710739, -0.2817252278327942, -0.32640881836414337, 0.6311977058649063, 0.13372009992599487], [-0.014792174100875854, 0.26721321046352386, -0.31895512342453003, -0.3271973058581352, 0.6325383931398392, 0.10377651453018188], [-0.02629229426383972, 0.26033855974674225, -0.39232683181762695, -0.32123101502656937, 0.6364153474569321, 0.22693321108818054], [-0.05916017293930054, 0.25163859128952026, -0.4407932162284851, -0.3230446055531502, 0.6370588839054108, 0.11758041381835938], [-0.0988357663154602, 0.251690998673439, -0.5909960865974426, -0.40280964225530624, 0.628715768456459, 0.016157090663909912], [-0.13759249448776245, 0.26089951395988464, -0.7576732635498047, -0.43064746260643005, 0.626470148563385, 0.06348240375518799], [-0.10576149821281433, 0.2728569507598877, -0.9481121599674225, -0.34803377091884613, 0.6234990656375885, 0.43445800244808197], [-0.12877053022384644, 0.2700395882129669, -0.6621714234352112, -0.4044942855834961, 0.6241250336170197, 0.23017790913581848], [-0.13545790314674377, 0.2738075703382492, -0.6568914651870728, -0.459131196141243, 0.623269334435463, 0.32735782861709595], [-0.14500674605369568, 0.2666417509317398, -0.6918411254882812, -0.4533984065055847, 0.6179992407560349, 0.2906996011734009], [-0.15660721063613892, 0.2609819024801254, -0.5488945245742798, -0.463118776679039, 0.6169100552797318, 0.3734733462333679]], "data_reduce_dim": [[0.46598371430033225, 0.7685815919647987, 1.267305604510482, -0.10443842703784112, 0.193977999365456, -0.8244485173369784], [0.7685815919647987, 3.92942281678088, 0.0893573949502029, -2.762069016631629, 4.409636896241461, -1.0927415881249503], [1.267305604510482, 0.0893573949502029, 5.287318636459923, 1.70264595893403, -2.758732917292223, -2.586489078387284], [-0.10443842703784112, -2.762069016631629, 1.70264595893403, 2.5761433717694207, -4.107331666876212, -0.1113904007562887], [0.193977999365456, 4.409636896241461, -2.758732917292223, -4.107331666876212, 6.670495705807571, 0.2151747972702367], [-0.8244485173369784, -1.0927415881249503, -2.586489078387284, -0.1113904007562887, 0.2151747972702367, 1.7342966857913196]], "joints_tracked_reference": [0], "joints_tracked": [15, 16], "joints_trigger_reference": [9], "joints_trigger": [4, 8, 12, 16, 20], "par_trigger_dist": 0.025, "par_trigger_length": 15, "time_gest": 4.070109605789185, "time_classifier": 0.0}], "I": [{"answer_predict": "I", "data_pose_track": [[0.0, 0.0, 0.0, 0.0, 0.0, 0.0], [0.0, 0.0, 0.0, 0.0, 0.0, 0.0], [0.24875450134277344, 0.6481228619813919, 0.36896389722824097, -0.29570571333169937, 0.5039195567369461, -0.3473351001739502], [0.258831262588501, 0.6389595121145248, 0.3459806442260742, -0.30477043241262436, 0.4974541515111923, -0.32936835289001465], [0.25170788168907166, 0.6403337568044662, 0.3253630995750427, -0.29324036091566086, 0.5028908103704453, -0.3356459140777588], [0.26451602578163147, 0.6414679437875748, 0.40533411502838135, -0.3080933392047882, 0.5027458220720291, -0.22654879093170166], [0.2557964026927948, 0.6399749964475632, 0.3756355047225952, -0.299847774207592, 0.5054613202810287, -0.309085488319397], [0.2517690360546112, 0.6520225554704666, 0.4056447148323059, -0.2956075295805931, 0.5329255610704422, -0.20547127723693848], [0.24272418022155762, 0.654332160949707, 0.38298171758651733, -0.3139381855726242, 0.5809787511825562, 0.02624821662902832], [0.21922707557678223, 0.6442888379096985, 0.04854851961135864, -0.4206930696964264, 0.5559980869293213, -0.392749547958374], [0.1782304048538208, 0.6530787944793701, 0.14327502250671387, -0.5426988005638123, 0.3391796350479126, -0.07859969139099121], [0.16866159439086914, 0.65195332467556, 0.1473192572593689, -0.5541689023375511, 0.2774261087179184, 0.16260021924972534], [0.1473691463470459, 0.6493221372365952, 0.16068190336227417, -0.5486699342727661, 0.2679465562105179, 0.20058226585388184], [0.16122865676879883, 0.6464937478303909, 0.197881817817688, -0.543274849653244, 0.2649807184934616, -0.1519937515258789], [0.15889573097229004, 0.6474781334400177, 0.36057668924331665, -0.547823116183281, 0.26716047525405884, -0.31587469577789307], [0.1523904800415039, 0.6555224061012268, 0.3382994532585144, -0.5343168824911118, 0.27384862303733826, -0.27229535579681396], [0.1490311622619629, 0.6541279554367065, 0.3232869505882263, -0.5308480709791183, 0.27999797463417053, -0.1733715534210205], [0.1469881534576416, 0.6593959927558899, 0.3154851794242859, -0.5243744850158691, 0.28356218338012695, -0.21009641885757446], [0.15343695878982544, 0.6584929972887039, 0.34319114685058594, -0.5217343121767044, 0.28399766981601715, -0.1634899377822876], [0.15542501211166382, 0.6580813676118851, 0.29395395517349243, -0.5212353616952896, 0.2863322049379349, -0.14062780141830444], [0.1512736678123474, 0.6592421233654022, 0.2743946313858032, -0.5198894888162613, 0.2869367301464081, -0.12539678812026978], [0.15029245615005493, 0.6595104783773422, 0.31976592540740967, -0.5197207927703857, 0.2881937474012375, -0.1311449408531189], [0.14963167905807495, 0.660235270857811, 0.3196791410446167, -0.5211714059114456, 0.28841088712215424, -0.11945897340774536]], "data_reduce_dim": [[0.8137656865530047, 2.609816058839793, 1.217377111642545, -1.7064093137510736, 1.6150493492860063, -0.7600200373666013], [2.609816058839793, 8.902702481626584, 4.034202168173273, -6.170240471795867, 5.113694308905549, -2.3600030211582688], [1.217377111642545, 4.034202168173273, 2.020315985174605, -2.686167220852848, 2.3796151537682597, -1.1770889852483855], [-1.7064093137510736, -6.170240471795867, -2.686167220852848, 4.510162446968588, -3.293853595536987, 1.4817337972283133], [1.6150493492860063, 5.113694308905549, 2.3796151537682597, -3.293853595536987, 3.2436214085331647, -1.5204966784448342], [-0.7600200373666013, -2.3600030211582688, -1.1770889852483855, 1.4817337972283133, -1.5204966784448342, 1.1235719874009433]], "joints_tracked_reference": [0], "joints_tracked": [15, 16], "joints_trigger_reference