{"F": [{"answer_predict": "F", "data_pose_track": [[0.33663123846054077, 0.6081771850585938, 0.6776076406240463, -0.43391645699739456, 0.6918957233428955, 0.21843469142913818], [0.33811068534851074, 0.6030911505222321, 0.6591508239507675, -0.4226301684975624, 0.6917195022106171, 0.22402626276016235], [0.3423197865486145, 0.6024035811424255, 0.6413640975952148, -0.41874759644269943, 0.6905812621116638, 0.16796451807022095], [0.34310996532440186, 0.6034149527549744, 0.6653293371200562, -0.41951098293066025, 0.6934483647346497, 0.16631150245666504], [0.3486208915710449, 0.5942714661359787, 0.6431698799133301, -0.42993468046188354, 0.6884822696447372, 0.201909601688385], [0.3486208915710449, 0.5942714661359787, 0.6431698799133301, -0.42993468046188354, 0.6884822696447372, 0.201909601688385], [0.004232168197631836, 0.2787028104066849, -0.8501794338226318, -0.4623355492949486, 0.6856969445943832, 0.9196900278329849], [-0.11291718482971191, 0.22287751734256744, -0.9849578738212585, -0.4869093969464302, 0.6844674497842789, 0.42042119801044464], [-0.18736791610717773, 0.2001672387123108, -1.105722725391388, -0.504168190062046, 0.6825595498085022, 0.3764240890741348], [-0.19880148768424988, 0.20208893716335297, -1.065910279750824, -0.5113011598587036, 0.683162048459053, 0.38397277891635895], [-0.2012263834476471, 0.20084401965141296, -1.001392126083374, -0.5114147588610649, 0.6851488649845123, 0.39217884838581085], [-0.20289736986160278, 0.2024414837360382, -0.9513808488845825, -0.5118769928812981, 0.6862531900405884, 0.39125801622867584], [-0.1826411485671997, 0.20621763169765472, -1.1383288502693176, -0.5122580453753471, 0.6857026964426041, 0.4014904350042343], [-0.1884230673313141, 0.20575162768363953, -1.0899558067321777, -0.5138791799545288, 0.6849759519100189, 0.4406431317329407], [-0.18174245953559875, 0.20799210667610168, -1.0687779188156128, -0.5192147642374039, 0.6856460273265839, 0.46931545436382294], [-0.19159692525863647, 0.20403636991977692, -1.1157416105270386, -0.5152088329195976, 0.6847920566797256, 0.43203364312648773], [-0.18910092115402222, 0.20452547073364258, -1.028698444366455, -0.5179037600755692, 0.6841637790203094, 0.41926760971546173], [-0.18614983558654785, 0.2052845060825348, -1.022279441356659, -0.5219117105007172, 0.6839756369590759, 0.41272494196891785], [-0.18535172939300537, 0.20866170525550842, -1.0612612962722778, -0.5227781385183334, 0.6812154352664948, 0.40492530167102814], [-0.18576613068580627, 0.20780226588249207, -1.093179166316986, -0.5234941765666008, 0.6822140216827393, 0.44491106271743774]], "data_reduce_dim": [[1.1525521157512637, 0.7455946232510677, 3.874389513315898, 0.35258381125456495, -0.21385230830480095, -0.5823709194757876], [0.7455946232510677, 2.796937521951686, -0.7028505861095833, -3.0385480353454213, 4.514497431040536, 2.0770562427077746], [3.874389513315898, -0.7028505861095833, 17.830177994839712, 5.76728709830431, -7.260095109627876, -5.702938128300036], [0.35258381125456495, -3.0385480353454213, 5.76728709830431, 4.727402399406195, -6.646679809961352, -3.6955518144397055], [-0.21385230830480095, 4.514497431040536, -7.260095109627876, -6.646679809961352, 9.418434735629049, 5.1335629773668], [-0.5823709194757876, 2.0770562427077746, -5.702938128300036, -3.6955518144397055, 5.1335629773668, 3.32421761909701]], "joints_tracked_reference": [0], "joints_tracked": [15, 16], "joints_trigger_reference": [9], "joints_trigger": [4, 8, 12, 16, 20], "par_trigger_dist": 0.025, "par_trigger_length": 15, "time_gest": 4.034589052200317, "time_classifier": 0.0}, {"answer_predict": "F", "data_pose_track": [[0.0, 0.0, 0.0, 0.0, 0.0, 0.0], [0.41393929719924927, 0.6537037044763565, 1.0093197226524353, -0.37707534432411194, 0.636018231511116, 0.3844209909439087], [0.4032379984855652, 0.6501182466745377, 0.9364683032035828, -0.3768705874681473, 0.6290027648210526, 0.2967686653137207], [0.4045311212539673, 0.6494792252779007, 0.7647444307804108, -0.3916162699460983, 0.6308766752481461, 0.24766844511032104], [0.42197930812835693, 0.6474083662033081, 0.8064814656972885, -0.3996817022562027, 0.6314486265182495, 0.2866511344909668], [0.43005847930908203, 0.6518186181783676, 0.8363527804613113, -0.4197895973920822, 0.6265026777982712, 0.4596405625343323], [0.4197465777397156, 0.6510657519102097, 0.86575648188591, -0.4281279444694519, 0.6280555576086044, 0.5395585894584656], [0.2683260440826416, 0.5834462195634842, 0.5268539786338806, -0.4456074759364128, 0.6285499483346939, 0.9230824112892151], [-0.025486290454864502, 0.2925119996070862, -0.5995496511459351, -0.48017317056655884, 0.6293352246284485, 1.4591093361377716], [-0.17208927869796753, 0.19545702636241913, -0.8856742978096008, -0.5091842785477638, 0.6281527131795883, 1.1408596336841583], [-0.19520914554595947, 0.18739904463291168, -0.881290078163147, -0.5234455987811089, 0.6272975355386734, 1.1643192172050476], [-0.19635534286499023, 0.19032937288284302, -1.0883959531784058, -0.5281040668487549, 0.6260798275470734, 1.2190325260162354], [-0.1917591691017151, 0.18745599687099457, -1.047171950340271, -0.5265831351280212, 0.6270511299371719, 1.25250643491745], [-0.19584912061691284, 0.1882353127002716, -1.0725974440574646, -0.5311414673924446, 0.6175828576087952, 1.4446300864219666], [-0.1939636766910553, 0.18554164469242096, -1.108993947505951, -0.5303200408816338, 0.616320326924324, 1.4051039814949036], [-0.18911489844322205, 0.18617676198482513, -1.101328432559967, -0.5300049111247063, 0.6173755973577499, 1.3549160361289978], [-0.18791592121124268, 0.18810206651687622, -0.9734294414520264, -0.523750439286232, 0.6173251569271088, 1.400997281074524], [-0.18884506821632385, 0.18781527876853943, -1.1296449303627014, -0.5183060765266418, 0.6179200708866119, 1.3432825803756714], [-0.19255104660987854, 0.18752378225326538, -1.0878130793571472, -0.5210210308432579, 0.6182866990566254, 1.3092225790023804], [-0.1854812502861023, 0.1873335987329483, -1.06458181142807, -0.5107285380363464, 0.6158181875944138, 1.302994191646576], [-0.19015878438949585, 0.18847395479679108, -1.120660424232483, -0.5169107392430305, 0.6160294264554977, 1.305205762386322]], "data_reduce_dim": [[1.5428504687859075, 1.3422654094275108, 4.713517222382954, 0.08854459001416637, 0.3101566252244279, -1.8391778259863258], [1.3422654094275108, 3.3913153476770317, 1.1639195087177847, -3.1379817977014635, 4.413494879229603, 5.351234518468523], [4.713517222382954, 1.1639195087177847, 18.448737981244463, 4.54115523188274, -4.546296586827525, -14.88053958641444], [0.08854459001416637, -3.1379817977014635, 4.54115523188274, 4.662137576352481, -5.980282385154047, -10.180817695286798], [0.3101566252244279, 4.413494879229603, -4.546296586827525, -5.980282385154047, 7.794571026343047, 12.594842535176834], [-1.8391778259863258, 5.351234518468523, -14.88053958641444, -10.180817695286798, 12.594842535176834, 24.35453832362562]], "joints_tracked_reference": [0], "joints_tracked": [15, 16], "joints_trigger_reference": [9], "joints_trigger": [4, 8, 12, 16, 20], "par_trigger_dist": 0.025, "par_trigger_length": 15, "time_gest": 4.071305513381958, "time_classifier": 0.0}, {"answer_predict": "F", "data_pose_track": [[0.4210445284843445, 0.6554367393255234, 0.802638828754425, -0.4048924595117569, 0.6218772381544113, 0.34540504217147827], [0.4194011688232422, 0.6536454558372498, 0.807550460100174, -0.40668509155511856, 0.6198330521583557, 0.27268272638320923], [0.4164488911628723, 0.6531508415937424, 0.8182752430438995, -0.40760112553834915, 0.6195952147245407, 0.3702753782272339], [0.4134390354156494, 0.6501956135034561, 0.8344445824623108, -0.4097897410392761, 0.6212067157030106, 0.3991738557815552], [0.4123038053512573, 0.6497737616300583, 0.8334242701530457, -0.4119928330183029, 0.6202034205198288, 0.3744545578956604], [0.33435899019241333, 0.6373859345912933, 0.48330235481262207, -0.41494809836149216, 0.6181961596012115, 0.8369979560375214], [-0.01181328296661377, 0.3548090159893036, -0.23482370376586914, -0.421491801738739, 0.619933545589447, 1.595772624015808], [-0.10196295380592346, 0.23905883729457855, -1.0636764168739319, -0.4445003345608711, 0.6158114224672318, 1.4004017114639282], [-0.16507580876350403, 0.19097287952899933, -1.071099579334259, -0.46491941064596176, 0.6145202964544296, 1.602051556110382], [-0.17787867784500122, 0.18316273391246796, -1.0514607429504395, -0.47414934635162354, 0.6169498711824417, 1.2736180424690247], [-0.18026277422904968, 0.1854863464832306, -1.117694914340973, -0.47886620461940765, 0.6153527498245239, 1.4340894222259521], [-0.17644795775413513, 0.18524162471294403, -0.9886001348495483, -0.49299975484609604, 0.6174082309007645, 1.4120764136314392], [-0.17561596632003784, 0.1863885372877121, -1.0342122912406921, -0.49716559797525406, 0.6162686496973038, 1.570431411266327], [-0.1803896725177765, 0.18865934014320374, -1.0223957300186157, -0.5002146437764168, 0.6166412532329559, 1.5325696468353271], [-0.176961749792099, 0.1882026493549347, -1.1632640361785889, -0.5023896768689156, 0.6141085922718048, 1.567858338356018], [-0.17772656679153442, 0.1899193823337555, -1.19574636220932, -0.5016477406024933, 0.614103764295578, 1.4735395908355713], [-0.17655527591705322, 0.1916733980178833, -1.1948866248130798, -0.5021810159087181, 0.6143149435520172, 1.4302014112472534], [-0.1700662076473236, 0.19435228407382965, -1.263883888721466, -0.5031986013054848, 0.6122218817472458, 1.3967949748039246], [-0.16882044076919556, 0.19433574378490448, -1.1504144668579102, -0.5036533176898956, 0.6120630651712418, 1.4837567210197449], [-0.16740328073501587, 0.19509708881378174, -1.2168984413146973, -0.5029122307896614, 0.611862301826477, 1.4780853986740112]], "data_reduce_dim": [[1.3552851814757991, 1.1469688484763392, 4.326863228666573, 0.09494199429476025, 0.14229163093887376, -2.2266174746948835], [1.1469688484763392, 3.1486176670638644, 0.08802083254942206, -2.9745604361356337, 4.182870512356258, 5.929689029315299], [4.326863228666573, 0.08802083254942206, 19.983694457581258, 5.355407592215455, -6.237938494834881, -19.824945396141935], [0.09494199429476025, -2.9745604361356337, 5.355407592215455, 4.307298289387049, -5.699301887335198, -11.079501030300253], [0.14229163093887376, 4.182870512356258, -6.237938494834881, -5.699301887335198, 7.60467611250923, 14.313955825013362], [-2.2266174746948835, 5.929689029315299, -19.824945396141935, -11.079501030300253, 14.313955825013362, 31.905051492189205]], "joints_tracked_reference": [0], "joints_tracked": [15, 16], "joints_trigger_reference": [9], "joints_trigger": [4, 8, 12, 16, 20], "par_trigger_dist": 0.025, "par_trigger_length": 15, "time_gest": 4.028104782104492, "time_classifier": 0.0}, {"answer_predict": "F", "data_pose_track": [[0.4191220998764038, 0.6619260013103485, 0.9596275091171265, -0.40284961462020874, 0.6250397264957428, 0.47674208879470825], [0.42076975107192993, 0.6593762338161469, 0.9184095561504364, -0.40166134387254715, 0.6230839192867279, 0.4376657009124756], [0.4225732088088989, 0.6579637825489044, 0.9457116425037384, -0.4018401429057121, 0.6230370700359344, 0.4179075360298157], [0.4108905792236328, 0.6467355638742447, 0.8398414254188538, -0.40411701053380966, 0.622902050614357, 0.4294514060020447], [0.23521292209625244, 0.6050716489553452, 0.5710822343826294, -0.39832571893930435, 0.6262894123792648, 0.8321072459220886], [-0.10389962792396545, 0.3237617164850235, -0.8215148448944092, -0.4377806559205055, 0.6257955580949783, 1.351582944393158], [-0.20219048857688904, 0.2015579789876938, -1.0374512672424316, -0.47439464926719666, 0.6236147731542587, 1.3244751691818237], [-0.21025919914245605, 0.1864980012178421, -1.1087878346443176, -0.4909846931695938, 0.6201292723417282, 1.350732445716858], [-0.20591291785240173, 0.18672336637973785, -1.182514488697052, -0.49787554144859314, 0.6179272085428238, 1.2683212757110596], [-0.20542055368423462, 0.1886611431837082, -1.2178587317466736, -0.5040125325322151, 0.6174003332853317, 1.3523591756820679], [-0.1989809274673462, 0.18603968620300293, -1.236903727054596, -0.5007999539375305, 0.6168129444122314, 1.4233747720718384], [-0.19787707924842834, 0.1903158575296402, -1.0870934128761292, -0.5028405785560608, 0.6137634068727493, 1.379672884941101], [-0.18836873769760132, 0.19327408075332642, -1.20250803232193, -0.5020943656563759, 0.6130754351615906, 1.3742295503616333], [-0.1883372664451599, 0.1938229501247406, -1.1884151697158813, -0.5020650699734688, 0.6129030883312225, 1.4037064909934998], [-0.18824216723442078, 0.19073590636253357, -1.2474924325942993, -0.5013051405549049, 0.6134272813796997, 1.3000524044036865], [-0.19149723649024963, 0.191563218832016, -1.275739848613739, -0.5078709647059441, 0.6133568286895752, 1.3649109601974487], [-0.18848863244056702, 0.19170571863651276, -1.1862266063690186, -0.5024649277329445, 0.6131525784730911, 1.4537267684936523], [-0.1833740472793579, 0.1948603093624115, -1.2138838171958923, -0.5028037652373314, 0.613262951374054, 1.3638604283332825], [-0.1852162778377533, 0.19329607486724854, -1.2396461367607117, -0.5076560378074646, 0.612110435962677, 1.3270347118377686], [-0.18391692638397217, 0.19351914525032043, -1.2611093521118164, -0.5074021518230438, 0.6124082207679749, 1.364295482635498]], "data_reduce_dim": [[1.2950108839644514, 0.6867246589730409, 4.988027500330309, 0.63746014880636, -0.5469484823649151, -2.9048257987324444], [0.6867246589730409, 2.7092697973416913, -0.7104074611595719, -2.781995063145957, 3.869355239684581, 5.748232087404133], [4.988027500330309, -0.7104074611595719, 24.313898217265372, 7.011774484411575, -8.135589114167928, -21.7281389452283], [0.63746014880636, -2.781995063145957, 7.011774484411575, 4.504257241675001, -5.836724331558949, -11.165433556377756], [-0.5469484823649151, 3.869355239684581, -8.135589114167928, -5.836724331558949, 7.638367388800476, 14.18560121713073], [-2.9048257987324444, 5.748232087404133, -21.7281389452283, -11.165433556377756, 14.18560121713073, 29.25058528061602]], "joints_tracked_reference": [0], "joints_tracked": [15, 16], "joints_trigger_reference": [9], "joints_trigger": [4, 8, 12, 16, 20], "par_trigger_dist": 0.025, "par_trigger_length": 15, "time_gest": 4.057142972946167, "time_classifier": 0.0}, {"answer_predict": "F", "data_pose_track": [[0.41602933406829834, 0.6435188204050064, 0.8190608024597168, -0.40253008902072906, 0.6277955919504166, 0.4508829712867737], [0.4151625633239746, 0.6433642208576202, 0.8607743978500366, -0.4034009352326393, 0.6286397874355316, 0.4742013216018677], [0.4134748578071594, 0.6414863914251328, 0.8271109014749527, -0.40511583536863327, 0.6283154338598251, 0.44507116079330444], [0.4117140769958496, 0.6405022591352463, 0.758086621761322, -0.4056583493947983, 0.6282614320516586, 0.4213182330131531], [0.33569955825805664, 0.6317442804574966, 0.6415634155273438, -0.4038652330636978, 0.628155842423439, 0.904407799243927], [-0.01591181755065918, 0.363992378115654, -0.2823665738105774, -0.4141661301255226, 0.6308189481496811, 1.4570544958114624], [-0.11084017157554626, 0.24259531497955322, -0.9990911483764648, -0.4447529464960098, 0.6248842477798462, 1.2419347167015076], [-0.172501802444458, 0.1846553236246109, -1.175043761730194, -0.4634213149547577, 0.6211492866277695, 1.2001047730445862], [-0.17252835631370544, 0.18198685348033905, -1.122445523738861, -0.46572554111480713, 0.6200562864542007, 1.2303574681282043], [-0.15943849086761475, 0.1807592511177063, -1.0692392587661743, -0.4677743837237358, 0.6190140247344971, 1.2337124943733215], [-0.16566544771194458, 0.18198251724243164, -1.1726282238960266, -0.46963509917259216, 0.6190882921218872, 1.1648808717727661], [-0.16587501764297485, 0.18183490633964539, -1.1297966837882996, -0.47326138615608215, 0.6192896068096161, 1.1489924788475037], [-0.1678124964237213, 0.18214701116085052, -1.125503122806549, -0.4737136512994766, 0.6195343285799026, 1.1340713798999786], [-0.16507470607757568, 0.18429206311702728, -1.1431609988212585, -0.47481197118759155, 0.6195524781942368, 1.2053025364875793], [-0.15690213441848755, 0.18762551248073578, -1.168705403804779, -0.47552695125341415, 0.6150737851858139, 1.2202383875846863], [-0.15436580777168274, 0.18822559714317322, -1.1424127221107483, -0.4757601022720337, 0.614778459072113, 1.1860145330429077], [-0.1542014181613922, 0.18755567073822021, -1.101538062095642, -0.4763418585062027, 0.6140160858631134, 1.1561625599861145], [-0.1578865647315979, 0.18747439980506897, -1.0970873832702637, -0.4773457497358322, 0.6136074662208557, 1.257842242717743], [-0.1574789583683014, 0.18661680817604065, -1.1564835906028748, -0.4775536581873894, 0.6128841936588287, 1.2121436595916748], [-0.16026589274406433, 0.18581943213939667, -1.1453486680984497, -0.4788225144147873, 0.6127307862043381, 1.2160363793373108]], "data_reduce_dim": [[1.1540951213344384, 0.8536068713307894, 4.077380380348967, 0.2487146019577613, -0.12983380118819676, -1.641323472259054], [0.8536068713307894, 2.6837497625149904, -0.5671142548595016, -2.687948763836264, 3.873222449944029, 5.428740587036842], [4.077380380348967, -0.5671142548595016, 20.906318631692088, 5.959826082702806, -7.448347456028171, -17.264816273188945], [0.2487146019577613, -2.687948763836264, 5.959826082702806, 4.09530576712925, -5.6026768923169765, -9.608499624583235], [-0.12983380118819676, 3.873222449944029, -7.448347456028171, -5.6026768923169765, 7.710597457888057, 12.992310529883653], [-1.641323472259054, 5.428740587036842, -17.264816273188945, -9.608499624583235, 12.992310529883653, 23.941731491131797]], "joints_tracked_reference": [0], "joints_tracked": [15, 16], "joints_trigger_reference": [9], "joints_trigger": [4, 8, 12, 16, 20], "par_trigger_dist": 0.025, "par_trigger_length": 15, "time_gest": 4.082764625549316, "time_classifier": 0.0}, {"answer_predict": "F", "data_pose_track": [[0.40398168563842773, 0.6444535702466965, 0.9448074102401733, -0.4050547555088997, 0.6170798987150192, 0.499112069606781], [0.40302765369415283, 0.6452371627092361, 0.9171880483627319, -0.4047956094145775, 0.6180970221757889, 0.4188570976257324], [0.40207207202911377, 0.6475664973258972, 0.896857887506485, -0.4049968868494034, 0.6188730001449585, 0.4550718665122986], [0.4012054204940796, 0.6462026238441467, 0.8963131606578827, -0.4043060317635536, 0.6228526830673218, 0.4383752942085266], [0.3910982012748718, 0.634277731180191, 0.7097854912281036, -0.40431874990463257, 0.6228900253772736, 0.407642662525177], [-0.0083085298538208, 0.4292646199464798, -0.09206551313400269, -0.408174991607666, 0.6236189156770706, 1.2395530045032501], [-0.16094627976417542, 0.23103798925876617, -1.0766843557357788, -0.4390533119440079, 0.6181579083204269, 1.2696173787117004], [-0.18090376257896423, 0.20885075628757477, -1.135013997554779, -0.45052652060985565, 0.6180739551782608, 1.2929733395576477], [-0.18390977382659912, 0.20285320281982422, -1.1829701662063599, -0.46082840114831924, 0.6155837774276733, 1.373661756515503], [-0.18585190176963806, 0.20119327306747437, -1.221739113330841, -0.4661339595913887, 0.6157876551151276, 1.324739158153534], [-0.1884860396385193, 0.19926492869853973, -1.2123450636863708, -0.4700007438659668, 0.6158395856618881, 1.3500813841819763], [-0.18460708856582642, 0.19947120547294617, -1.2295951843261719, -0.4721289202570915, 0.615911453962326, 1.2952405214309692], [-0.1813766062259674, 0.19974952936172485, -1.315471887588501, -0.4738064855337143, 0.6155434250831604, 1.2947197556495667], [-0.18211466073989868, 0.2000085711479187, -1.2437207698822021, -0.4764987900853157, 0.616298645734787, 1.3161509037017822], [-0.18036743998527527, 0.19956089556217194, -1.2228633761405945, -0.4771253988146782, 0.6164912432432175, 1.2965760231018066], [-0.18081432580947876, 0.20299924910068512, -1.1781654953956604, -0.47837812453508377, 0.6148649007081985, 1.288055956363678], [-0.17936748266220093, 0.2059805542230606, -1.1461704969406128, -0.47927452623844147, 0.6151863187551498, 1.3084562420845032], [-0.1802418828010559, 0.20408271253108978, -1.2103522419929504, -0.47549430280923843, 0.6161489933729172, 1.267638087272644], [-0.17438042163848877, 0.2090766578912735, -1.2194583415985107, -0.4799845293164253, 0.6163339763879776, 1.2455921173095703], [-0.1741763949394226, 0.2048644870519638, -1.176078200340271, -0.47500450164079666, 0.6163126677274704, 1.3038971424102783]], "data_reduce_dim": [[1.25458267701912, 0.7692489482913891, 4.768572220976914, 0.3761074183767663, -0.315663179460532, -2.4010105938109447], [0.7692489482913891, 2.843965371990225, -0.6608010221089691, -2.8237437235443736, 4.030419841851411, 5.694323257401969], [4.768572220976914, -0.6608010221089691, 23.98482788527601, 6.151851792110496, -7.685436825339656, -20.004987247924248], [0.3761074183767663, -2.8237437235443736, 6.151851792110496, 4.074538505388541, -5.559822396782681, -9.963052791726609], [-0.315663179460532, 4.030419841851411, -7.685436825339656, -5.559822396782681, 7.626191764026982, 13.379726427341717], [-2.4010105938109447, 5.694323257401969, -20.004987247924248, -9.963052791726609, 13.379726427341717, 26.271799691503684]], "joints_tracked_reference": [0], "joints_tracked": [15, 16], "joints_trigger_reference": [9], "joints_trigger": [4, 8, 12, 16, 20], "par_trigger_dist": 0.025, "par_trigger_length": 15, "time_gest": 4.066605806350708, "time_classifier": 0.0}, {"answer_predict": "F", "data_pose_track": [[0.4168460965156555, 0.6559190452098846, 0.8182363510131836, -0.39069250226020813, 0.6258290708065033, 0.4363131523132324], [0.4172179102897644, 0.6564153432846069, 0.8376277983188629, -0.3918984457850456, 0.6246143579483032, 0.4049673080444336], [0.416517436504364, 0.6574940979480743, 0.806829035282135, -0.39238209277391434, 0.6236423552036285, 0.43010640144348145], [0.41984301805496216, 0.6564081162214279, 0.7889540493488312, -0.3915279880166054, 0.6237472742795944, 0.4481973648071289], [0.42051318287849426, 0.6543862968683243, 0.7818156480789185, -0.391019307076931, 0.6235878020524979, 0.4141237735748291], [0.27351677417755127, 0.5983328223228455, 0.6008642911911011, -0.38966186344623566, 0.6267063021659851, 0.5127339363098145], [-0.0228116512298584, 0.3265918493270874, -0.6162889003753662, -0.4082182049751282, 0.6299066245555878, 1.1192014515399933], [-0.10578703880310059, 0.22935529053211212, -1.0291692018508911, -0.43806151300668716, 0.6250038892030716, 1.1776933073997498], [-0.1638869345188141, 0.18884433805942535, -1.0684869289398193, -0.46677057445049286, 0.6203027814626694, 1.2478685975074768], [-0.17062240839004517, 0.18591207265853882, -1.1588844060897827, -0.47519271820783615, 0.6195713877677917, 1.3020962476730347], [-0.1702868938446045, 0.18453359603881836, -1.1586559414863586, -0.47921866923570633, 0.6191205978393555, 1.223918080329895], [-0.16476500034332275, 0.189324289560318, -1.2272170186042786, -0.4818023815751076, 0.6149579584598541, 1.2432817816734314], [-0.16618111729621887, 0.19192487001419067, -1.231581449508667, -0.4806690365076065, 0.6145177483558655, 1.259902834892273], [-0.16892611980438232, 0.18786723911762238, -1.2127317190170288, -0.4872894287109375, 0.6138096302747726, 1.2296389937400818], [-0.166180819272995, 0.18984653055667877, -1.324474275112152, -0.4859759956598282, 0.6137904077768326, 1.166925311088562], [-0.16402769088745117, 0.19243736565113068, -1.2746410369873047, -0.4841226786375046, 0.6139209121465683, 1.1210156083106995], [-0.16357576847076416, 0.19397293031215668, -1.2874534130096436, -0.48289988934993744, 0.6138791590929031, 1.126916915178299], [-0.16661730408668518, 0.1938304603099823, -1.2577838897705078, -0.48497050255537033, 0.6143046021461487, 1.2155554294586182], [-0.16861224174499512, 0.1932283341884613, -1.221622884273529, -0.4845486208796501, 0.6144693195819855, 1.2504354119300842], [-0.17038404941558838, 0.19166381657123566, -1.270645260810852, -0.48493973165750504, 0.6146006435155869, 1.2622727751731873]], "data_reduce_dim": [[1.295709000597932, 1.1225575275803465, 4.4275870591409845, 0.09551598119803417, 0.16253498150002565, -1.5651851167210449], [1.1225575275803465, 3.104363548128621, -0.22874148575285558, -2.8509270658278005, 4.177691408094845, 5.12921837058173], [4.4275870591409845, -0.22874148575285558, 23.101961504983006, 5.968612490999543, -7.180909486927369, -17.787854099848644], [0.09551598119803417, -2.8509270658278005, 5.968612490999543, 4.059606057227977, -5.5542472629797155, -9.060990174355396], [0.16253498150002565, 4.177691408094845, -7.180909486927369, -5.5542472629797155, 7.676514313406976, 12.113667949578915], [-1.5651851167210449, 5.12921837058173, -17.787854099848644, -9.060990174355396, 12.113667949578915, 21.732759715589463]], "joints_tracked_reference": [0], "joints_tracked": [15, 16], "joints_trigger_reference": [9], "joints_trigger": [4, 8, 12, 16, 20], "par_trigger_dist": 0.025, "par_trigger_length": 15, "time_gest": 4.042827129364014, "time_classifier": 0.0}, {"answer_predict": "F", "data_pose_track": [[0.4521161913871765, 0.6696191132068634, 1.164159670472145, -0.37146010249853134, 0.6291861832141876, 0.42078977823257446], [0.45258474349975586, 0.6683560311794281, 1.1396102011203766, -0.3763890638947487, 0.6290079653263092, 0.4410899877548218], [0.4525361955165863, 0.6696660667657852, 1.1344911456108093, -0.3758948743343353, 0.6288905888795853, 0.5142927169799805], [0.45165008306503296, 0.6687995046377182, 1.0821026861667633, -0.37695198506116867, 0.6282553523778915, 0.5095478296279907], [0.449526846408844, 0.6672755181789398, 0.9379758536815643, -0.3774654269218445, 0.6300747096538544, 0.38190364837646484], [0.24185633659362793, 0.5636017322540283, 0.4017370939254761, -0.37794899195432663, 0.626089334487915, 0.4723765254020691], [-0.04543381929397583, 0.2817526161670685, -0.955266535282135, -0.4187079146504402, 0.6242699027061462, 1.3211195468902588], [-0.1333465576171875, 0.20348680019378662, -1.0219135880470276, -0.44116128236055374, 0.6180488169193268, 1.4678471684455872], [-0.17176249623298645, 0.17742300033569336, -0.9871353507041931, -0.44787904620170593, 0.6159566938877106, 1.2651262283325195], [-0.17908820509910583, 0.17479804158210754, -1.0252419710159302, -0.45389673113822937, 0.619336873292923, 1.1839040517807007], [-0.17777377367019653, 0.1736259162425995, -1.0518259406089783, -0.456612765789032, 0.6199555993080139, 1.286683738231659], [-0.17139557003974915, 0.1773601770401001, -0.9844168424606323, -0.4584268629550934, 0.6194763779640198, 1.271729826927185], [-0.16708680987358093, 0.17978231608867645, -1.0279626846313477, -0.45960573107004166, 0.6201614290475845, 1.2138869762420654], [-0.1640651822090149, 0.18037432432174683, -1.0123211145401, -0.46065740287303925, 0.6204275786876678, 1.16245037317276], [-0.16425356268882751, 0.18072502315044403, -1.0553715825080872, -0.46098092943429947, 0.6201141625642776, 1.249257504940033], [-0.16513589024543762, 0.179758220911026, -1.0760202407836914, -0.461057685315609, 0.6172919273376465, 1.261613130569458], [-0.1670534908771515, 0.17932987213134766, -1.1689639687538147, -0.46028392016887665, 0.6174798011779785, 1.2283475399017334], [-0.168199360370636, 0.178431898355484, -1.1199833154678345, -0.46049564331769943, 0.6180216670036316, 1.2060502767562866], [-0.1613875925540924, 0.18014077842235565, -1.1682838797569275, -0.4553920701146126, 0.6182004660367966, 1.226206123828888], [-0.16071367263793945, 0.1839374601840973, -1.2536739110946655, -0.4614429548382759, 0.6181058287620544, 1.240810215473175]], "data_reduce_dim": [[1.4381453266538715, 1.246029425497115, 4.914159893266825, 0.06230436950336227, 0.2128566672137655, -1.6055557769534303], [1.246029425497115, 3.058277736207259, 1.0862049049207458, -2.659678048987618, 4.085547380256516, 5.09917730373461], [4.914159893266825, 1.0862049049207458, 22.121555032031466, 4.573955723154994, -5.543091524353733, -16.029918631295416], [0.06230436950336227, -2.659678048987618, 4.573955723154994, 3.736323903889174, -5.353107449530098, -9.008336664671663], [0.2128566672137655, 4.085547380256516, -5.543091524353733, -5.353107449530098, 7.736070613673591, 12.608396366145428], [-1.6055557769534303, 5.09917730373461, -16.029918631295416, -9.008336664671663, 12.608396366145428, 23.42341838586539]], "joints_tracked_reference": [0], "joints_tracked": [15, 16], "joints_trigger_reference": [9], "joints_trigger": [4, 8, 12, 16, 20], "par_trigger_dist": 0.025, "par_trigger_length": 15, "time_gest": 4.0635035037994385, "time_classifier": 0.0}, {"answer_predict": "F", "data_pose_track": [[0.41879862546920776, 0.6600934714078903, 1.0789202153682709, -0.39479049295186996, 0.6237677782773972, 0.5800412893295288], [0.4180176854133606, 0.6592656224966049, 0.996988981962204, -0.39538273215293884, 0.6237273663282394, 0.5599644184112549], [0.4156220555305481, 0.6599004715681076, 0.9266281723976135, -0.39555415511131287, 0.6236860007047653, 0.4311886429786682], [0.4154900908470154, 0.6581272780895233, 0.8741344809532166, -0.3985859453678131, 0.6227254569530487, 0.3839457631111145], [0.4056469202041626, 0.6523117870092392, 0.9356651902198792, -0.4007207229733467, 0.6224503964185715, 0.5338075757026672], [0.2683315873146057, 0.6100622117519379, 0.7040300965309143, -0.4021691158413887, 0.6257274448871613, 0.8773218393325806], [-0.037398457527160645, 0.3090467303991318, -0.8306761384010315, -0.4336530268192291, 0.619474396109581, 1.4206105470657349], [-0.18349871039390564, 0.19572502374649048, -1.2055321335792542, -0.47217144817113876, 0.6129215061664581, 1.2906749248504639], [-0.20224657654762268, 0.19067873060703278, -1.1572502851486206, -0.4965105280280113, 0.6134984940290451, 1.285151481628418], [-0.2053830921649933, 0.1941772848367691, -1.183207631111145, -0.5085038617253304, 0.6106537133455276, 1.2723320126533508], [-0.2018144726753235, 0.1959061175584793, -1.1523485779762268, -0.5169740617275238, 0.613733097910881, 1.2251361012458801], [-0.21066129207611084, 0.1947602927684784, -1.1332480311393738, -0.5218696296215057, 0.6139228641986847, 1.266512155532837], [-0.2071242332458496, 0.19757036864757538, -1.141290545463562, -0.5257057249546051, 0.614235982298851, 1.1408287286758423], [-0.21198907494544983, 0.19577476382255554, -1.2581733465194702, -0.5250631868839264, 0.6143622994422913, 1.2123135328292847], [-0.20765581727027893, 0.20000453293323517, -1.3135696649551392, -0.5215471088886261, 0.6111426204442978, 1.2269823551177979], [-0.20387035608291626, 0.2012740671634674, -1.2014412879943848, -0.5218237265944481, 0.6111744046211243, 1.2294076085090637], [-0.20240730047225952, 0.2027742713689804, -1.2676494121551514, -0.5223975852131844, 0.6112363785505295, 1.1782322525978088], [-0.2030731439590454, 0.20170491933822632, -1.2500265836715698, -0.5233161896467209, 0.6112765073776245, 1.2240519523620605], [-0.20449304580688477, 0.20007668435573578, -1.213478922843933, -0.5228282287716866, 0.6129717081785202, 1.191385269165039], [-0.20495593547821045, 0.2000488042831421, -1.190836787223816, -0.5214200168848038, 0.6136960983276367, 1.1606499552726746]], "data_reduce_dim": [[1.4738752570276334, 0.9926605851947508, 5.409488301082694, 0.45156914564258277, -0.18596059220546968, -2.024858104011921], [0.9926605851947508, 3.1405607648569323, 0.24000083457186516, -3.010515929490019, 4.198410739835971, 5.75509457993367], [5.409488301082694, 0.24000083457186516, 24.761227439268886, 6.2440449494084715, -6.673540057022417, -17.307007904440884], [0.45156914564258277, -3.010515929490019, 6.2440449494084715, 4.593904286116856, -5.862520868654393, -10.147487526408181], [-0.18596059220546968, 4.198410739835971, -6.673540057022417, -5.862520868654393, 7.597524308214875, 12.724048690004558], [-2.024858104011921, 5.75509457993367, -17.307007904440884, -10.147487526408181, 12.724048690004558, 23.538585514705275]], "joints_tracked_reference": [0], "joints_tracked": [15, 16], "joints_trigger_reference": [9], "joints_trigger": [4, 8, 12, 16, 20], "par_trigger_dist": 0.025, "par_trigger_length": 15, "time_gest": 4.054997682571411, "time_classifier": 0.0}, {"answer_predict": "F", "data_pose_track": [[0.38073670864105225, 0.6708929985761642, 1.035199224948883, -0.4420088827610016, 0.623348280787468, 0.18215370178222656], [0.38440895080566406, 0.6720840781927109, 1.0269151628017426, -0.44029760360717773, 0.62387315928936, 0.27682334184646606], [0.3858555555343628, 0.6713173538446426, 0.9929191917181015, -0.4370357096195221, 0.6233565360307693, 0.1003577709197998], [0.39009755849838257, 0.6718974411487579, 1.0513459742069244, -0.43814122676849365, 0.622970849275589, 0.03953349590301514], [0.3899511694908142, 0.6584892123937607, 0.815829336643219, -0.42916276305913925, 0.6245236843824387, 0.4865620732307434], [0.0279160737991333, 0.41580475866794586, -0.2537843585014343, -0.4277542531490326, 0.6258824616670609, 1.386481523513794], [-0.06010639667510986, 0.28399141132831573, -1.0430815815925598, -0.4479809105396271, 0.6253755241632462, 1.111638605594635], [-0.1756250560283661, 0.20483684539794922, -1.1221923232078552, -0.46644236147403717, 0.6215972602367401, 1.2722225785255432], [-0.1951078474521637, 0.19549700617790222, -1.1248968839645386, -0.48888183385133743, 0.6191868484020233, 1.3293931484222412], [-0.1893874704837799, 0.20079202950000763, -1.1807544827461243, -0.49164365977048874, 0.6190086156129837, 1.2638879418373108], [-0.18783533573150635, 0.19997747242450714, -1.179471731185913, -0.49288954585790634, 0.6185633689165115, 1.153393566608429], [-0.18497434258460999, 0.20195162296295166, -1.1389833092689514, -0.49228739738464355, 0.618564784526825, 1.1088123321533203], [-0.18156689405441284, 0.20472806692123413, -1.1815714836120605, -0.49217019975185394, 0.6181057393550873, 1.1590267419815063], [-0.18291562795639038, 0.20389443635940552, -1.220179557800293, -0.4921572059392929, 0.6180462837219238, 1.1389157176017761], [-0.1832025945186615, 0.20307312905788422, -1.1761503219604492, -0.49145372211933136, 0.6173082739114761, 1.180138885974884], [-0.18307217955589294, 0.20460480451583862, -1.132882535457611, -0.49332526326179504, 0.6165644526481628, 1.19297456741333], [-0.1820683777332306, 0.2055560201406479, -1.146964430809021, -0.49515922367572784, 0.6157086044549942, 1.251393973827362], [-0.18005621433258057, 0.20692044496536255, -1.1620312333106995, -0.49365272372961044, 0.6131661534309387, 1.2119430899620056], [-0.1762976050376892, 0.20790937542915344, -1.179455280303955, -0.4943016767501831, 0.6157553493976593, 1.249648630619049], [-0.17506754398345947, 0.2079940140247345, -1.199533462524414, -0.4945117086172104, 0.6158625781536102, 1.2283252477645874]], "data_reduce_dim": [[1.1853236680385235, 0.8023009232948364, 4.724888644138932, 0.33708637581237433, -0.28382489767948504, -2.4871665934284124], [0.8023009232948364, 3.0304759563966366, -0.1919034998235123, -3.0671421859989128, 4.158539008699922, 4.820186165699464], [4.724888644138932, -0.1919034998235123, 23.69027958233505, 5.854083694332166, -7.093604042553484, -18.828776710313313], [0.33708637581237433, -3.0671421859989128, 5.854083694332166, 4.470715894303233, -5.850290848001885, -9.285042132781292], [-0.28382489767948504, 4.158539008699922, -7.093604042553484, -5.850290848001885, 7.684258615844443, 11.95983276161324], [-2.4871665934284124, 4.820186165699464, -18.828776710313313, -9.285042132781292, 11.95983276161324, 22.620876092535152]], "joints_tracked_reference": [0], "joints_tracked": [15, 16], "joints_trigger_reference": [9], "joints_trigger": [4, 8, 12, 16, 20], "par_trigger_dist": 0.025, "par_trigger_length": 15, "time_gest": 4.036604642868042, "time_classifier": 0.0}], "I": [{"answer_predict": "I", "data_pose_track": [[0.0, 0.0, 0.0, 0.0, 0.0, 0.0], [0.33017438650131226, 0.5897606164216995, 0.8410309255123138, -0.4763057976961136, 0.6682191044092178, 0.1719951629638672], [0.3298221230506897, 0.5898298174142838, 0.7767086327075958, -0.48105142265558243, 0.6678355485200882, 0.18092525005340576], [0.32735776901245117, 0.5925321877002716, 0.801697164773941, -0.48064419627189636, 0.6676001846790314, 0.21263235807418823], [0.32568132877349854, 0.5910260379314423, 0.8725680261850357, -0.47566496580839157, 0.6673198640346527, 0.18409520387649536], [0.3309149742126465, 0.5883834362030029, 0.8308230265974998, -0.4767870157957077, 0.6607573628425598, 0.248512864112854], [0.3218056559562683, 0.5889464020729065, 0.9489001929759979, -0.5085765868425369, 0.6123784780502319, 0.2799069285392761], [0.26400333642959595, 0.5827896296977997, 0.3145115375518799, -0.5839184820652008, 0.49323388934135437, 0.39470362663269043], [0.22631508111953735, 0.5832508355379105, 0.13122594356536865, -0.5522914975881577, 0.428693488240242, 0.2210586667060852], [0.21796512603759766, 0.5812439024448395, 0.49402108788490295, -0.551837682723999, 0.42508211731910706, 0.3623812794685364], [0.21745622158050537, 0.5830468833446503, 0.5936752408742905, -0.533143937587738, 0.42750272154808044, 0.2091362476348877], [0.20099270343780518, 0.5831426084041595, 0.8654812723398209, -0.5374618917703629, 0.42681363224983215, 0.1865329146385193], [0.20179510116577148, 0.5800812542438507, 0.7461179196834564, -0.5358608812093735, 0.43002453446388245, 0.04069572687149048], [0.1954060196876526, 0.578761100769043, 0.8555969446897507, -0.5425227731466293, 0.4335218667984009, 0.10352963209152222], [0.193911612033844, 0.5776354670524597, 0.8476193696260452, -0.5436182767152786, 0.4326155185699463, 0.1564803123474121], [0.19790548086166382, 0.5756639987230301, 0.7721322104334831, -0.5434939116239548, 0.432519868016243, 0.14980655908584595], [0.19404000043869019, 0.5761747807264328, 0.7442696541547775, -0.545463427901268, 0.4322585314512253, 0.15533816814422607], [0.19424885511398315, 0.5760427713394165, 0.7660345956683159, -0.5459671765565872, 0.42931675910949707, 0.18734586238861084], [0.1950700879096985, 0.5806201845407486, 0.7203697264194489, -0.5464940667152405, 0.4300624877214432, 0.1727461814880371], [0.19745808839797974, 0.5820553153753281, 0.727588564157486, -0.5485799014568329, 0.4316358417272568, 0.24367934465408325], [0.20137405395507812, 0.5816038995981216, 0.729887530207634, -0.5470719188451767, 0.4328457862138748, 0.2723977565765381]], "data_reduce_dim": [[1.2488538974411085, 2.841590396944823, 3.5435552087106963, -2.537121182484222, 2.5556654982143057, 1.0261600807035585], [2.841590396944823, 6.801329018111456, 8.388846941673712, -6.153361803095315, 5.858404519117306, 2.4124600695314653], [3.5435552087106963, 8.388846941673712, 11.092268431095826, -7.524488571067482, 7.3556394297445635, 2.8330626850811673], [-2.537121182484222, -6.153361803095315, -7.524488571067482, 5.592027126578311, -5.235649254212402, -2.1924383134155208], [2.5556654982143057, 5.858404519117306, 7.3556394297445635, -5.235649254212402, 5.244686596223346, 2.088516986816418], [1.0261600807035585, 2.4124600695314653, 2.8330626850811673, -2.1924383134155208, 2.088516986816418, 0.9779893981430021]], "joints_tracked_reference": [0], "joints_tracked": [15, 16], "joints_trigger_reference": [9], "joints_trigger": [4, 8, 12, 16, 20], "par_trigger_dist": 0.025, "par_trigger_length": 15, "time_gest": 4.045992851257324, "time_classifier": 0.0}, {"answer_predict": "I", "data_pose_track": [[0.3352441191673279, 0.5926733464002609, 1.0856872200965881, -0.5069323927164078, 0.6359166949987411, 0.54319167137146], [0.33819758892059326, 0.5924193114042282, 0.9889451265335083, -0.4955560341477394, 0.6429825872182846, 0.5251110792160034], [0.3350633382797241, 0.5923993289470673, 1.1350288391113281, -0.4993676021695137, 0.6436940729618073, 0.552315354347229], [0.3323602080345154, 0.5928734689950943, 1.1422274708747864, -0.49099843949079514, 0.6433124095201492, 0.6271795034408569], [0.33195066452026367, 0.5927214026451111, 1.158780038356781, -0.49543438851833344, 0.6420489549636841, 0.570677638053894], [0.3339388370513916, 0.5924656540155411, 1.0454351902008057, -0.492424413561821, 0.6405912190675735, 0.5260884761810303], [0.32252806425094604, 0.5852601528167725, 1.3800300657749176, -0.4820973239839077, 0.630415141582489, 0.6017414927482605], [0.30734848976135254, 0.5854223072528839, 0.784948855638504, -0.545892842