{"F": [{"answer_predict": "F", "data_pose_track": [[0.3537583351135254, 0.5154399573802948, -0.19098445773124695, -0.3655603975057602, 0.6745132505893707, -0.3589373528957367], [0.35066866874694824, 0.5118805766105652, -0.29500287771224976, -0.3630269169807434, 0.6743358969688416, -0.37755733728408813], [0.3503498435020447, 0.5123897045850754, -0.23446664214134216, -0.36302559077739716, 0.6743131726980209, -0.3938615024089813], [0.35089612007141113, 0.5133572369813919, -0.2270907759666443, -0.36295874416828156, 0.6743821650743484, -0.372248113155365], [0.3507933020591736, 0.5141179710626602, -0.24045857787132263, -0.3648903965950012, 0.675178661942482, -0.3512653410434723], [0.3507933020591736, 0.5141179710626602, -0.24045857787132263, -0.3648903965950012, 0.675178661942482, -0.3512653410434723], [0.07226872444152832, 0.3983049690723419, -0.4998438358306885, -0.3991997689008713, 0.6769510805606842, 0.922377809882164], [-0.08612141013145447, 0.32847441732883453, -0.3615531921386719, -0.4076147973537445, 0.6808648258447647, 0.9144816100597382], [-0.17290005087852478, 0.3046904504299164, -0.761555552482605, -0.40369202196598053, 0.6186612546443939, -0.2736324071884155], [-0.17593973875045776, 0.29471205174922943, -0.8122469186782837, -0.3866783231496811, 0.6259210556745529, -0.1843029260635376], [-0.18484285473823547, 0.28870895504951477, -0.7585470676422119, -0.35814715921878815, 0.6223866045475006, -0.33379065990448], [-0.19806230068206787, 0.2891267389059067, -0.9162569046020508, -0.36607539653778076, 0.6339866071939468, -0.15131890773773193], [-0.1984841227531433, 0.2903403341770172, -0.6602499485015869, -0.3760583847761154, 0.63436359167099, 0.27955949306488037], [-0.20243936777114868, 0.29430194199085236, -0.9506129026412964, -0.39551980793476105, 0.7059079855680466, 0.12955904006958008], [-0.20053094625473022, 0.29325534403324127, -1.0336097478866577, -0.38067159056663513, 0.6839413493871689, -0.10438084602355957], [-0.1973656415939331, 0.29541710019111633, -0.9281493425369263, -0.4056476801633835, 0.6902674734592438, 0.25469768047332764], [-0.19649043679237366, 0.2957121580839157, -0.8450777530670166, -0.4246669411659241, 0.6940157860517502, 0.596393346786499], [-0.19757279753684998, 0.2942265719175339, -0.8620492219924927, -0.42203621566295624, 0.6948955208063126, 0.4930345416069031], [-0.1957695484161377, 0.29499953985214233, -0.8606489896774292, -0.4271058291196823, 0.6935735642910004, 0.41045141220092773], [-0.19657960534095764, 0.29502806067466736, -0.8938442468643188, -0.42522285878658295, 0.6919975578784943, 0.3762131333351135]], "data_reduce_dim": [[1.2011391582420803, 0.4012211129664851, 1.4842518285607564, 0.16075871740477954, -0.13342936319646403, -1.0950765960514515], [0.4012211129664851, 2.8878567437317093, -4.076499950765431, -2.8191375349574623, 4.9229068781618714, -0.024972384228108435], [1.4842518285607564, -4.076499950765431, 9.647248788640344, 4.960059142955723, -8.419274054975794, -1.570804333770628], [0.16075871740477954, -2.8191375349574623, 4.960059142955723, 3.024524990239591, -5.204816485782391, -0.5981679476253865], [-0.13342936319646403, 4.9229068781618714, -8.419274054975794, -5.204816485782391, 8.98599254395464, 0.8458004736333522], [-1.0950765960514515, -0.024972384228108435, -1.570804333770628, -0.5981679476253865, 0.8458004736333522, 3.8215491965652193]], "joints_tracked_reference": [0], "joints_tracked": [15, 16], "joints_trigger_reference": [9], "joints_trigger": [4, 8, 12, 16, 20], "par_trigger_dist": 0.025, "par_trigger_length": 15, "time_gest": 4.020055770874023, "time_classifier": 0.0}, {"answer_predict": "F", "data_pose_track": [[0.4131178855895996, 0.5999195426702499, 0.6644846200942993, -0.32964208722114563, 0.629490539431572, -0.13409942388534546], [0.40944552421569824, 0.5991687625646591, 0.7431359440088272, -0.32944220304489136, 0.6282046884298325, -0.16933703422546387], [0.41041696071624756, 0.5996747314929962, 0.718787670135498, -0.32788872718811035, 0.6285085380077362, -0.13845109939575195], [0.4104002118110657, 0.5995026379823685, 0.7377788722515106, -0.32341262698173523, 0.6331486254930496, -0.09162527322769165], [0.41385436058044434, 0.5958781540393829, 0.8006446659564972, -0.3398458659648895, 0.634525865316391, 0.050249457359313965], [0.23897439241409302, 0.47181864082813263, -0.35624873638153076, -0.3866620808839798, 0.6171887069940567, 0.01029050350189209], [0.03960996866226196, 0.37159067392349243, -0.40986502170562744, -0.4059179574251175, 0.592158317565918, 0.06501257419586182], [-0.10884636640548706, 0.2966117113828659, -0.6218650341033936, -0.45611389726400375, 0.5854646116495132, -0.32657361030578613], [-0.18467050790786743, 0.2621169686317444, -0.83802330493927, -0.4382750168442726, 0.5669396221637726, -0.3866755962371826], [-0.18347159028053284, 0.25600990653038025, -0.8699659109115601, -0.4324071705341339, 0.569474995136261, -0.32388103008270264], [-0.16880902647972107, 0.2571880668401718, -0.8137415647506714, -0.42460936307907104, 0.5835241824388504, 0.17626488208770752], [-0.1736447811126709, 0.25511182844638824, -0.8075447082519531, -0.41182735562324524, 0.6357052177190781, 0.14103353023529053], [-0.16997185349464417, 0.2518347054719925, -0.8051208257675171, -0.3929423391819, 0.6305549293756485, 0.2273639440536499], [-0.17338401079177856, 0.25144584476947784, -0.830629825592041, -0.3909892141819, 0.6279230564832687, 0.21079134941101074], [-0.17962467670440674, 0.2541659027338028, -0.7800904512405396, -0.3886619657278061, 0.6258736401796341, -0.031755924224853516], [-0.17493978142738342, 0.2528063803911209, -0.8409302234649658, -0.38802655041217804, 0.6300442069768906, 0.08792757987976074], [-0.18029198050498962, 0.25536566972732544, -0.810854434967041, -0.38901422917842865, 0.6242651343345642, -0.09313857555389404], [-0.1798536777496338, 0.2547767162322998, -0.8136212825775146, -0.3958507925271988, 0.6235629618167877, 0.2239193320274353], [-0.1766032874584198, 0.25451987981796265, -0.7740716934204102, -0.3489671051502228, 0.6369955539703369, 0.1570059061050415], [-0.1737869679927826, 0.2534009516239166, -0.7994987964630127, -0.35124579071998596, 0.6362646222114563, 0.19200468063354492], [-0.17716285586357117, 0.25286155939102173, -0.807073712348938, -0.3571946769952774, 0.633654922246933, 0.0914452075958252]], "data_reduce_dim": [[1.3228483819535057, 0.7420904814763234, 3.3454598050050155, 0.16516864620274374, -0.011903759393350644, -0.2668446909540947], [0.7420904814763234, 3.0853470089897366, -1.0087162669690208, -2.7590646687757427, 4.617073246290925, -0.19131224321253448], [3.3454598050050155, -1.0087162669690208, 12.013930255988784, 3.5464318296617563, -5.047359779100994, -0.6833971539074408], [0.16516864620274374, -2.7590646687757427, 3.5464318296617563, 3.0857392805939687, -4.934104586634028, 0.05228855843621627], [-0.011903759393350644, 4.617073246290925, -5.047359779100994, -4.934104586634028, 8.025321484134363, 0.011416626677394959], [-0.2668446909540947, -0.19131224321253448, -0.6833971539074408, 0.05228855843621627, 0.011416626677394959, 0.726666741634542]], "joints_tracked_reference": [0], "joints_tracked": [15, 16], "joints_trigger_reference": [9], "joints_trigger": [4, 8, 12, 16, 20], "par_trigger_dist": 0.025, "par_trigger_length": 15, "time_gest": 4.19214391708374, "time_classifier": 0.0}, {"answer_predict": "F", "data_pose_track": [[0.40068504214286804, 0.6405825912952423, 0.7303784489631653, -0.31358954310417175, 0.6681852638721466, -0.13287615776062012], [0.4019365906715393, 0.6443293541669846, 0.7018813192844391, -0.3191077560186386, 0.664052352309227, -0.062207698822021484], [0.3993222415447235, 0.6405556052923203, 0.7632802724838257, -0.318826287984848, 0.6640583127737045, 0.059610605239868164], [0.4002229571342468, 0.6380660831928253, 0.7490576505661011, -0.32016581296920776, 0.6641572415828705, 0.04551208019256592], [0.39432111382484436, 0.634234830737114, 0.7304923236370087, -0.322520911693573, 0.6559040993452072, -0.03905761241912842], [0.3398989737033844, 0.6007184982299805, 0.27908509969711304, -0.3424246460199356, 0.649596095085144, -0.1521897315979004], [0.11159378290176392, 0.4247519373893738, -0.5058009624481201, -0.38169749081134796, 0.6206765174865723, -0.4646492004394531], [-0.029325902462005615, 0.34176820516586304, -0.6538021564483643, -0.3954029977321625, 0.6316221952438354, -0.41489923000335693], [-0.125431090593338, 0.28847000002861023, -0.6923158168792725, -0.4053037315607071, 0.6198193430900574, -0.5068587064743042], [-0.17317509651184082, 0.267501100897789, -0.8966870903968811, -0.39329226315021515, 0.5684223622083664, -0.5234771370887756], [-0.1952047049999237, 0.2539215385913849, -0.9520732760429382, -0.39395877718925476, 0.5691314339637756, -0.3695222735404968], [-0.19327214360237122, 0.25045135617256165, -0.9654066562652588, -0.3849521428346634, 0.5816086232662201, -0.40918803215026855], [-0.17788344621658325, 0.25001420080661774, -0.9792943596839905, -0.3864227831363678, 0.6185555905103683, -0.16496676206588745], [-0.17841362953186035, 0.2436670958995819, -0.9781341552734375, -0.3867923766374588, 0.611483633518219, -0.21917665004730225], [-0.17852845788002014, 0.24247026443481445, -1.006687879562378, -0.3858629912137985, 0.6245673894882202, -0.19131410121917725], [-0.17824405431747437, 0.24265891313552856, -0.9476217031478882, -0.38314464688301086, 0.6307913959026337, -0.1923292875289917], [-0.18528735637664795, 0.24262399971485138, -0.9126541614532471, -0.3909333050251007, 0.616831436753273, -0.2448427677154541], [-0.17980316281318665, 0.24384616315364838, -0.8806145787239075, -0.38500750064849854, 0.6157022565603256, -0.2555012106895447], [-0.1784650683403015, 0.24300499260425568, -0.972030520439148, -0.37568114697933197, 0.62362901866436, -0.10425019264221191], [-0.17685344815254211, 0.2431773543357849, -0.9195160865783691, -0.37517641484737396, 0.6323290169239044, -0.08760511875152588]], "data_reduce_dim": [[1.304158200228569, 0.9883200198285826, 3.5004206773782203, 0.036305077432650545, 0.30492302133725646, 0.4246949179384991], [0.9883200198285826, 3.4613261814887286, -0.696665103799675, -2.689744360783579, 4.825054703320477, -1.351940467008009], [3.5004206773782203, -0.696665103799675, 13.812320136339126, 3.478454284458588, -4.873282265725556, 3.3224296683638634], [0.036305077432650545, -2.689744360783579, 3.478454284458588, 2.727551251819224, -4.597246863185804, 1.7106195457372602], [0.30492302133725646, 4.825054703320477, -4.873282265725556, -4.597246863185804, 7.868174639090176, -2.7008505958738693], [0.4246949179384991, -1.351940467008009, 3.3224296683638634, 1.7106195457372602, -2.7008505958738693, 1.5674094102365785]], "joints_tracked_reference": [0], "joints_tracked": [15, 16], "joints_trigger_reference": [9], "joints_trigger": [4, 8, 12, 16, 20], "par_trigger_dist": 0.025, "par_trigger_length": 15, "time_gest": 4.001265048980713, "time_classifier": 0.0}, {"answer_predict": "F", "data_pose_track": [[0.4041818082332611, 0.6265745759010315, 0.6614141464233398, -0.30855073034763336, 0.6833807826042175, 0.07676041126251221], [0.4054521918296814, 0.6293060481548309, 0.6858726143836975, -0.30965350568294525, 0.681146115064621, 0.02240431308746338], [0.40333160758018494, 0.6264324337244034, 0.7048194408416748, -0.3091178685426712, 0.6818123608827591, 0.0532912015914917], [0.4014233648777008, 0.6287662833929062, 0.71284219622612, -0.3038358986377716, 0.682241901755333, 0.09881383180618286], [0.3790241777896881, 0.6115770637989044, 0.4333159923553467, -0.3346864581108093, 0.655362457036972, -0.07427370548248291], [0.1375741958618164, 0.46138131618499756, -0.4627652168273926, -0.3992787003517151, 0.6277009844779968, -0.31341516971588135], [-0.03524661064147949, 0.35702158510684967, -0.5667414665222168, -0.40268783271312714, 0.6151014119386673, -0.19609153270721436], [-0.1614527702331543, 0.28370580077171326, -0.863539457321167, -0.3955056369304657, 0.5925903916358948, -0.38288915157318115], [-0.1952824890613556, 0.2447858303785324, -0.9203569889068604, -0.39975592494010925, 0.6008598953485489, -0.03628849983215332], [-0.21004536747932434, 0.24436995387077332, -0.9492504596710205, -0.40233004093170166, 0.610397219657898, -0.1897982358932495], [-0.20844894647598267, 0.2416139394044876, -0.9210265874862671, -0.4090125262737274, 0.6142877489328384, -0.23369204998016357], [-0.20279723405838013, 0.23678714036941528, -0.9716901183128357, -0.40580610930919647, 0.6227773427963257, -0.08034616708755493], [-0.19814914464950562, 0.2387280911207199, -1.0606624484062195, -0.39910559356212616, 0.6263794749975204, -0.1036716103553772], [-0.20326751470565796, 0.23906220495700836, -0.9444191455841064, -0.4069548100233078, 0.6212900727987289, -0.18059587478637695], [-0.19204390048980713, 0.2434120923280716, -0.9428175687789917, -0.40305864810943604, 0.6222829073667526, -0.14891719818115234], [-0.19395220279693604, 0.24256739020347595, -0.9000674486160278, -0.3979240357875824, 0.6191326379776001, 0.07884520292282104], [-0.20319214463233948, 0.24421443045139313, -0.9440245628356934, -0.4160361737012863, 0.6102306693792343, -0.19140946865081787], [-0.19560566544532776, 0.2424449920654297, -0.949000358581543, -0.4088189899921417, 0.6178311407566071, -0.07108867168426514], [-0.19620412588119507, 0.24306157231330872, -0.9303778409957886, -0.386446088552475, 0.6328219175338745, 0.11821699142456055], [-0.1945856511592865, 0.24404484033584595, -0.9313830137252808, -0.3872487396001816, 0.6216840147972107, 0.06933426856994629]], "data_reduce_dim": [[1.3192861545547538, 0.6709246871766137, 3.6429726662142725, 0.361551797086582, -0.16121985718335985, 0.2973598298650675], [0.6709246871766137, 3.074608573803398, -1.41079663022555, -2.585199014465582, 4.58725391115367, -0.4450787532015301], [3.6429726662142725, -1.41079663022555, 14.163040152778915, 4.326196226050511, -6.009392542960439, 1.6591853446132614], [0.361551797086582, -2.585199014465582, 4.326196226050511, 2.9078423027243803, -4.773388673442629, 0.7020142086717769], [-0.16121985718335985, 4.58725391115367, -6.009392542960439, -4.773388673442629, 8.003096687465336, -1.0165052331205935], [0.2973598298650675, -0.4450787532015301, 1.6591853446132614, 0.7020142086717769, -1.0165052331205935, 0.5384368419015004]], "joints_tracked_reference": [0], "joints_tracked": [15, 16], "joints_trigger_reference": [9], "joints_trigger": [4, 8, 12, 16, 20], "par_trigger_dist": 0.025, "par_trigger_length": 15, "time_gest": 4.0064098834991455, "time_classifier": 0.0}, {"answer_predict": "F", "data_pose_track": [[0.45982009172439575, 0.7032092660665512, 1.157793402671814, -0.29813261330127716, 0.6925081461668015, 0.4906027913093567], [0.45568639039993286, 0.6991870701313019, 1.1655021160840988, -0.3008495718240738, 0.6890988647937775, 0.40499722957611084], [0.4641469717025757, 0.7064219266176224, 1.2059913873672485, -0.3031257092952728, 0.687609389424324, 0.48314106464385986], [0.45580488443374634, 0.6985370218753815, 1.133123904466629, -0.2967482954263687, 0.6862764060497284, 0.4177900552749634], [0.4586942493915558, 0.6738395988941193, 0.941579669713974, -0.30891141295433044, 0.6846844851970673, 0.25498348474502563], [0.21387767791748047, 0.4894722104072571, -0.5155336856842041, -0.3881984278559685, 0.6220257878303528, -0.04673349857330322], [-0.008151888847351074, 0.3513546288013458, -0.4620685577392578, -0.3886631280183792, 0.6073761880397797, -0.17378437519073486], [-0.15945440530776978, 0.2550548017024994, -0.8895128965377808, -0.3836230933666229, 0.6006598472595215, -0.2821018695831299], [-0.20205149054527283, 0.23181717097759247, -1.0359874963760376, -0.3806594908237457, 0.5844242721796036, -0.3326472043991089], [-0.1899045705795288, 0.23164679110050201, -1.0290924906730652, -0.3768935054540634, 0.5840128809213638, 0.07855796813964844], [-0.1842881739139557, 0.23534826934337616, -0.9815521836280823, -0.375344380736351, 0.6200593262910843, 0.12752079963684082], [-0.19015821814537048, 0.2362968772649765, -1.0560171604156494, -0.371210053563118, 0.6018761545419693, -0.014287590980529785], [-0.1794169843196869, 0.23732438683509827, -1.021631121635437, -0.37069232761859894, 0.602705180644989, -0.03995543718338013], [-0.1747971773147583, 0.23781609535217285, -0.9937331676483154, -0.3722425699234009, 0.6036233603954315, 0.11528033018112183], [-0.17928031086921692, 0.24153025448322296, -1.0059979557991028, -0.3625791519880295, 0.6107106357812881, 0.14551877975463867], [-0.18061643838882446, 0.242130309343338, -1.0031025409698486, -0.36254145205020905, 0.6110691428184509, 0.04283624887466431], [-0.17665702104568481, 0.243839830160141, -0.9818762540817261, -0.3652416169643402, 0.6054964661598206, 0.2035616636276245], [-0.17287874221801758, 0.2440458983182907, -1.0272418856620789, -0.3616510182619095, 0.6061536818742752, 0.19497835636138916], [-0.17178136110305786, 0.24408388137817383, -1.0211387276649475, -0.36480453610420227, 0.6062520444393158, 0.24856263399124146], [-0.1710369884967804, 0.24396994709968567, -0.9881190657615662, -0.35928256809711456, 0.6173475384712219, 0.28799939155578613]], "data_reduce_dim": [[1.5182876582881901, 1.1392369403376863, 4.807404572918395, 0.09094922628689917, 0.2980663402603696, 0.8012601312908281], [1.1392369403376863, 3.5390799256066394, 0.3612930189949757, -2.531471325849371, 4.801487611538325, 1.5365661096719743], [4.807404572918395, 0.3612930189949757, 19.893164746278647, 3.5097919092489613, -4.618982219381964, 1.64356588646163], [0.09094922628689917, -2.531471325849371, 3.5097919092489613, 2.5345554117703895, -4.418477018509158, -0.804349471568969], [0.2980663402603696, 4.801487611538325, -4.618982219381964, -4.418477018509158, 7.869660470494838, 1.7606986187264875], [0.8012601312908281, 1.5365661096719743, 1.64356588646163, -0.804349471568969, 1.7606986187264875, 1.385039545117401]], "joints_tracked_reference": [0], "joints_tracked": [15, 16], "joints_trigger_reference": [9], "joints_trigger": [4, 8, 12, 16, 20], "par_trigger_dist": 0.025, "par_trigger_length": 15, "time_gest": 4.014953374862671, "time_classifier": 0.0}, {"answer_predict": "F", "data_pose_track": [[0.45004454255104065, 0.6697012037038803, 0.773778110742569, -0.2703438550233841, 0.6927782148122787, 0.13474172353744507], [0.4463720917701721, 0.6635580211877823, 0.6296601891517639, -0.2706514596939087, 0.6780200749635696, -0.0651627779006958], [0.4441078305244446, 0.6603788584470749, 0.7610649764537811, -0.27091121673583984, 0.6737686842679977, -0.017095446586608887], [0.44682493805885315, 0.6649604290723801, 0.9075472801923752, -0.27042126655578613, 0.6694290488958359, 0.08011192083358765], [0.4422471225261688, 0.6548198014497757, 0.8713998198509216, -0.26839300990104675, 0.6721628457307816, 0.09643471240997314], [0.33460432291030884, 0.5713474452495575, -0.2710380554199219, -0.34437545388936996, 0.6442068517208099, -0.41557836532592773], [-0.005595535039901733, 0.4094247370958328, -0.41890859603881836, -0.36868928372859955, 0.6474086791276932, -0.04832255840301514], [-0.06982526183128357, 0.351050540804863, -0.5266916751861572, -0.36051012575626373, 0.5832554548978806, -0.2859001159667969], [-0.14546853303909302, 0.32392027974128723, -1.021751880645752, -0.357558473944664, 0.5919164419174194, -0.5274585485458374], [-0.1679701805114746, 0.30792170763015747, -1.0740057229995728, -0.3624274283647537, 0.5973528623580933, -0.09371036291122437], [-0.1642250120639801, 0.30695684254169464, -0.9769994616508484, -0.3604615330696106, 0.6074444502592087, -0.10882598161697388], [-0.15319421887397766, 0.3077426701784134, -0.9300848245620728, -0.3614499270915985, 0.6088352054357529, -0.26505374908447266], [-0.1586225926876068, 0.30491332709789276, -0.9140238165855408, -0.3660818040370941, 0.6165907829999924, 0.19022172689437866], [-0.164047509431839, 0.3054526001214981, -0.9152227640151978, -0.3681618422269821, 0.6174961477518082, -0.0650252103805542], [-0.1553640365600586, 0.3038642704486847, -0.9712964296340942, -0.358077734708786, 0.6383126378059387, 0.28884804248809814], [-0.15011227130889893, 0.30318334698677063, -0.9648537635803223, -0.3551509380340576, 0.6375738680362701, 0.1844949722290039], [-0.15508785843849182, 0.30049048364162445, -0.9253802299499512, -0.36200059950351715, 0.6391708105802536, 0.12966805696487427], [-0.15727615356445312, 0.3006390184164047, -0.8318458795547485, -0.3615758568048477, 0.6229510456323624, -0.3918585777282715], [-0.15861397981643677, 0.30003367364406586, -0.9130541682243347, -0.36949750781059265, 0.6117514818906784, 0.013643503189086914], [-0.15754014253616333, 0.30177147686481476, -0.8478260636329651, -0.36813532561063766, 0.6240818947553635, -0.052892327308654785]], "data_reduce_dim": [[1.4084449849543095, 1.0653451364406807, 3.4821763523583305, -0.005830757217774707, 0.5153357768139033, 0.09014051601624651], [1.0653451364406807, 3.9341333560709897, -1.3502379123066195, -2.698678401831229, 5.346579722886359, -0.4290125501411479], [3.4821763523583305, -1.3502379123066195, 14.349010086263373, 3.4627907652209897, -5.051309085396608, 1.1482792601066185], [-0.005830757217774707, -2.698678401831229, 3.4627907652209897, 2.326911873500196, -4.273208577627408, 0.4544138382294367], [0.5153357768139033, 5.346579722886359, -5.051309085396608, -4.273208577627408, 8.050501799012665, -0.7120805577780951], [0.09014051601624651, -0.4290125501411479, 1.1482792601066185, 0.4544138382294367, -0.7120805577780951, 0.99551627121226]], "joints_tracked_reference": [0], "joints_tracked": [15, 16], "joints_trigger_reference": [9], "joints_trigger": [4, 8, 12, 16, 20], "par_trigger_dist": 0.025, "par_trigger_length": 15, "time_gest": 4.00810694694519, "time_classifier": 0.0}, {"answer_predict": "F", "data_pose_track": [[0.41543978452682495, 0.6342988312244415, 0.6835144758224487, -0.29214946925640106, 0.6907073557376862, -0.045113325119018555], [0.4127357006072998, 0.6311868578195572, 0.5584088563919067, -0.2961117774248123, 0.7055363208055496, 0.007481217384338379], [0.41102728247642517, 0.6328618824481964, 0.6941491067409515, -0.29554639756679535, 0.7029887139797211, -0.003724217414855957], [0.41032838821411133, 0.6373936831951141, 0.6270835995674133, -0.29274317622184753, 0.69803187251091, -0.02688610553741455], [0.4089711606502533, 0.6313169598579407, 0.4958639442920685, -0.30191707611083984, 0.6971246004104614, -0.26743054389953613], [0.27263253927230835, 0.5549344420433044, -0.21501845121383667, -0.36797845363616943, 0.6568828225135803, -0.31933802366256714], [0.07941234111785889, 0.4669899195432663, -0.496801495552063, -0.3850289285182953, 0.6477703899145126, -0.23207032680511475], [-0.09731268882751465, 0.33759166300296783, -0.5225117206573486, -0.4185546040534973, 0.6472772508859634, -0.1835688352584839], [-0.20037055015563965, 0.27492180466651917, -0.9447728991508484, -0.41389259696006775, 0.6449909210205078, -0.2045338749885559], [-0.21771198511123657, 0.267667680978775, -1.0095624327659607, -0.4028530418872833, 0.6348147988319397, -0.24230509996414185], [-0.20389854907989502, 0.2616824507713318, -0.9659813046455383, -0.3989904373884201, 0.6328676640987396, -0.3452605605125427], [-0.19994744658470154, 0.2590997517108917, -1.004567265510559, -0.40017546713352203, 0.6410644054412842, -0.19512903690338135], [-0.19262203574180603, 0.261832132935524, -0.8984153270721436, -0.39987581968307495, 0.6350380629301071, -0.05683016777038574], [-0.18591228127479553, 0.2657029628753662, -0.9366876482963562, -0.39953550696372986, 0.6297473609447479, -0.05252277851104736], [-0.18993782997131348, 0.2669040411710739, -0.9061455726623535, -0.40067076683044434, 0.627959594130516, -0.059816718101501465], [-0.18732193112373352, 0.26532529294490814, -0.8972034454345703, -0.3921193927526474, 0.6423033624887466, 0.07411825656890869], [-0.18573737144470215, 0.2679496109485626, -1.010851263999939, -0.38666872680187225, 0.6451423764228821, -0.19285011291503906], [-0.18384385108947754, 0.2651163637638092, -0.9176775217056274, -0.3855578154325485, 0.6443670392036438, -0.22521603107452393], [-0.18518668413162231, 0.2659028321504593, -0.9371030926704407, -0.38448409736156464, 0.6399340778589249, -0.22307950258255005], [-0.18272346258163452, 0.2674886882305145, -0.9354655146598816, -0.38258570432662964, 0.6392083466053009, -0.21372348070144653], [-0.18225544691085815, 0.26811084151268005, -0.9311276078224182, -0.38296228647232056, 0.6327306926250458, -0.25855880975723267]], "data_reduce_dim": [[1.418744705360572, 0.7951637100013134, 3.577557380460485, 0.28764242102876514, 0.013592277253941631, 0.20083329992590748], [0.7951637100013134, 3.565927180308485, -1.8599058211432276, -2.8263845573994377, 5.303963114198151, -1.144099101398857], [3.577557380460485, -1.8599058211432276, 14.114937472069967, 4.438625230116985, -6.505345270341698, 2.207863987605826], [0.28764242102876514, -2.8263845573994377, 4.438625230116985, 2.9218599243369017, -5.066894471243836, 1.249057190178421], [0.013592277253941631, 5.303963114198151, -6.505345270341698, -5.066894471243836, 8.99945058819102, -2.1135785949379313], [0.20083329992590748, -1.144099101398857, 2.207863987605826, 1.249057190178421, -2.1135785949379313, 0.786972140822197]], "joints_tracked_reference": [0], "joints_tracked": [15, 16], "joints_trigger_reference": [9], "joints_trigger": [4, 8, 12, 16, 20], "par_trigger_dist": 0.025, "par_trigger_length": 15, "time_gest": 4.199436902999878, "time_classifier": 0.0}, {"answer_predict": "F", "data_pose_track": [[0.40544402599334717, 0.6363261938095093, 0.4795239567756653, -0.2904759347438812, 0.6823391318321228, -0.09534519910812378], [0.4039524495601654, 0.6372643858194351, 0.4799022078514099, -0.2913843095302582, 0.6916821151971817, 0.0017126798629760742], [0.40213847160339355, 0.6358974426984787, 0.49587875604629517, -0.2921065241098404, 0.6928571909666061, 0.020526409149169922], [0.40577250719070435, 0.6314928829669952, 0.5096526741981506, -0.2973417639732361, 0.6875732839107513, 0.006343245506286621], [0.4181286096572876, 0.6235913783311844, 0.4585757255554199, -0.31655411422252655, 0.6705088168382645, -0.27417826652526855], [0.12704211473464966, 0.4374263286590576, -0.5116026401519775, -0.3510851114988327, 0.645272433757782, -0.28387439250946045], [-0.10713562369346619, 0.2933991551399231, -0.754796028137207, -0.3941061496734619, 0.6417768895626068, -0.06581556797027588], [-0.17817604541778564, 0.26759950816631317, -1.0258565545082092, -0.3888881802558899, 0.601533517241478, -0.21382766962051392], [-0.20160669088363647, 0.26718249917030334, -1.0090976357460022, -0.3977614939212799, 0.5891698896884918, -0.17769676446914673], [-0.19451680779457092, 0.2654563784599304, -0.9700987935066223, -0.39785222709178925, 0.5960723757743835, -0.06895977258682251], [-0.19084924459457397, 0.2593541741371155, -0.9729776978492737, -0.40138983726501465, 0.5997171401977539, -0.0683632493019104], [-0.18928241729736328, 0.26888617873191833, -1.0292208790779114, -0.39774440228939056, 0.5996715426445007, -0.05394601821899414], [-0.18221279978752136, 0.26930879056453705, -0.9232547879219055, -0.39839647710323334, 0.5990756005048752, 0.0036826729774475098], [-0.18245938420295715, 0.27089017629623413, -0.8670741319656372, -0.40253669023513794, 0.5934222042560577, 0.004672050476074219], [-0.18201607465744019, 0.2747591882944107, -0.897912323474884, -0.4037987142801285, 0.5881157666444778, -0.1157194972038269], [-0.18663635849952698, 0.27470727264881134, -0.9100513458251953, -0.4032597541809082, 0.5867137461900711, 0.050748229026794434], [-0.1884978711605072, 0.2733224034309387, -0.8703949451446533, -0.40462134778499603, 0.5856632888317108, 0.17989617586135864], [-0.18549370765686035, 0.27411262691020966, -0.9352823495864868, -0.4034210443496704, 0.587630107998848, 0.08623731136322021], [-0.18678125739097595, 0.2730347514152527, -0.8908449411392212, -0.4070243090391159, 0.587753415107727, 0.3851865530014038], [-0.18110793828964233, 0.27305470407009125, -0.9325789213180542, -0.3989199250936508, 0.5878079980611801, 0.16905653476715088]], "data_reduce_dim": [[1.3109410092678928, 0.6560896721272393, 3.290101717916949, 0.36459893865769377, -0.03222931003168705, -0.20259752763513283], [0.6560896721272393, 3.229299368686066, -2.2142704577214323, -2.61694802411966, 4.7188234540897245, -0.3036767806930536], [3.290101717916949, -2.2142704577214323, 13.559675075361735, 4.653121394351142, -6.40528164027818, -0.06246982819680014], [0.36459893865769377, -2.61694802411966, 4.653121394351142, 2.8065556187401812, -4.582345038192454, 0.1529926423261525], [-0.03222931003168705, 4.7188234540897245, -6.40528164027818, -4.582345038192454, 7.738625339919592, -0.353816960267781], [-0.20259752763513283, -0.3036767806930536, -0.06246982819680014, 0.1529926423261525, -0.353816960267781, 0.49203293685587823]], "joints_tracked_reference": [0], "joints_tracked": [15, 16], "joints_trigger_reference": [9], "joints_trigger": [4, 8, 12, 16, 20], "par_trigger_dist": 0.025, "par_trigger_length": 15, "time_gest": 4.020707130432129, "time_classifier": 0.0}, {"answer_predict": "F", "data_pose_track": [[0.4344865083694458, 0.6478518098592758, 0.872191309928894, -0.29570041596889496, 0.7001713961362839, 0.33319491147994995], [0.429696649312973, 0.6405086070299149, 0.7589273750782013, -0.2880847901105881, 0.6968803554773331, 0.28907835483551025], [0.4252931475639343, 0.6402837932109833, 0.9005416333675385, -0.2854819744825363, 0.6986993849277496, 0.34485310316085815], [0.42697224020957947, 0.6447400748729706, 0.8101094961166382, -0.28683917224407196, 0.7009918987751007, 0.3302308917045593], [0.42587947845458984, 0.6416335254907608, 0.4611867666244507, -0.2989727556705475, 0.7007778435945511, -0.11077725887298584], [0.24372214078903198, 0.47563032805919647, -0.5370595455169678, -0.3797951191663742, 0.6462473720312119, -0.06852376461029053], [-0.06150326132774353, 0.3167366683483124, -0.5716961622238159, -0.4200824052095413, 0.63893923163414, -0.36347317695617676], [-0.14761728048324585, 0.29053136706352234, -0.8155917525291443, -0.41936443746089935, 0.6314133405685425, -0.16547030210494995], [-0.18523693084716797, 0.2883281260728836, -1.0450296998023987, -0.4084114730358124, 0.6212590485811234, -0.21226996183395386], [-0.17435413599014282, 0.2935345470905304, -0.9232279658317566, -0.40103256702423096, 0.6154276132583618, -0.08660119771957397], [-0.1672702431678772, 0.2935364842414856, -0.8937668800354004, -0.3979302942752838, 0.5925060510635376, 0.03857004642486572], [-0.16885632276535034, 0.2927524149417877, -0.8164920210838318, -0.39613981544971466, 0.6048723757266998, -0.03072291612625122], [-0.16743621230125427, 0.29288792610168457, -0.7928013801574707, -0.3950875252485275, 0.6118788719177246, 0.010584235191345215], [-0.15850499272346497, 0.29263147711753845, -0.7963505983352661, -0.39092501997947693, 0.6148447692394257, -0.01839768886566162], [-0.1682201623916626, 0.2897980213165283, -0.884976863861084, -0.3925619125366211, 0.6085182130336761, 0.05285698175430298], [-0.16559234261512756, 0.29113852977752686, -0.8493184447288513, -0.3913782984018326, 0.6102238893508911, 0.056332290172576904], [-0.1693049967288971, 0.29033949971199036, -0.8917350172996521, -0.39118389785289764, 0.6097574532032013, 0.22371304035186768], [-0.17006915807724, 0.28976863622665405, -0.8527116179466248, -0.38046887516975403, 0.6110676825046539, 0.14910084009170532], [-0.1678045690059662, 0.289834663271904, -0.8555901050567627, -0.3825477808713913, 0.61160509288311, 0.1278347373008728], [-0.16955924034118652, 0.2907152622938156, -0.8759233355522156, -0.385294109582901, 0.6116477996110916, 0.11961722373962402]], "data_reduce_dim": [[1.3475224683516096, 0.8392436543664825, 3.433511557711367, 0.17014587337773834, 0.2831185266231664, 0.4706634591004981], [0.8392436543664825, 3.49637144693052, -1.2787844982055732, -2.743968317610394, 5.075229177515808, 0.6929862985547777], [3.433511557711367, -1.2787844982055732, 13.495827811495397, 3.8008333341440537, -4.963711090378932, 1.0797912902193172], [0.17014587337773834, -2.743968317610394, 3.8008333341440537, 2.77184948807111, -4.672885477968411, -0.25452459338939537], [0.2831185266231664, 5.075229177515808, -4.963711090378932, -4.672885477968411, 8.141231190469515, 0.7082252426171456], [0.4706634591004981, 0.6929862985547777, 1.0797912902193172, -0.25452459338939537, 0.7082252426171456, 0.7633576513531999]], "joints_tracked_reference": [0], "joints_tracked": [15, 16], "joints_trigger_reference": [9], "joints_trigger": [4, 8, 12, 16, 20], "par_trigger_dist": 0.025, "par_trigger_length": 15, "time_gest": 4.004035472869873, "time_classifier": 0.0}, {"answer_predict": "F", "data_pose_track": [[0.415147066116333, 0.6201794445514679, 0.8148340880870819, -0.3036113381385803, 0.6660532057285309, 0.10574352741241455], [0.4176793396472931, 0.621129035949707, 0.7002294659614563, -0.3058222159743309, 0.7055879831314087, 0.16755890846252441], [0.4134787619113922, 0.614623174071312, 0.6956332921981812, -0.3096134439110756, 0.6812290996313095, 0.018691658973693848], [0.40727484226226807, 0.6064051538705826, 0.5412597060203552, -0.3052465170621872, 0.6787412315607071, 0.02762925624847412], [0.41217151284217834, 0.6072328835725784, 0.5796784162521362, -0.3202507793903351, 0.6751217395067215, -0.19988250732421875], [0.1571720838546753, 0.4247182756662369, -0.5308496952056885, -0.3592500537633896, 0.628182664513588, -0.3942497968673706], [-0.10121870040893555, 0.2887161076068878, -0.6631811857223511, -0.3850853592157364, 0.6377635598182678, -0.2853800058364868], [-0.157599538564682, 0.2695200592279434, -0.8354837894439697, -0.3759221285581589, 0.6305812746286392, -0.34717464447021484], [-0.17086803913116455, 0.26897989213466644, -0.8397080898284912, -0.3747645765542984, 0.6357482224702835, -0.01872551441192627], [-0.17244592308998108, 0.2663878798484802, -0.8170051574707031, -0.3651646077632904, 0.6427183151245117, -0.04138064384460449], [-0.1703755259513855, 0.2686125189065933, -0.8332258462905884, -0.37081873416900635, 0.6426859647035599, -0.17814302444458008], [-0.1667945384979248, 0.26994144916534424, -0.7587206363677979, -0.35907748341560364, 0.6388269364833832, -0.0809943675994873], [-0.15987667441368103, 0.2719898372888565, -0.7896751165390015, -0.3557033985853195, 0.6411988586187363, -0.05038750171661377], [-0.161650151014328, 0.27290700376033783, -0.775696873664856, -0.3567134141921997, 0.6456520706415176, -0.13179469108581543], [-0.1645912528038025, 0.27171675860881805, -0.7233185768127441, -0.3608243316411972, 0.6441358774900436, 0.011655211448669434], [-0.16176241636276245, 0.2733801156282425, -0.8365477323532104, -0.36265482008457184, 0.6454732269048691, -0.3062952756881714], [-0.1571151614189148, 0.27426938712596893, -0.8087249994277954, -0.36014631390571594, 0.6495830863714218, -0.2315993309020996], [-0.1606653332710266, 0.2764071226119995, -0.8326192498207092, -0.36568115651607513, 0.6509775519371033, -0.2531878352165222], [-0.16572874784469604, 0.2777254283428192, -0.9225187301635742, -0.3518228828907013, 0.665431946516037, 0.1832726001739502], [-0.16311722993850708, 0.27860063314437866, -0.9483373761177063, -0.35589396953582764, 0.661438524723053, -0.05078619718551636]], "data_reduce_dim": [[1.2386140358970108, 0.7251388608804423, 3.1204191132320265, 0.11800115190008409, 0.06474231593874835, 0.25827785424819183], [0.7251388608804423, 3.112759586680138, -1.2902658988667142, -2.495807371680401, 4.8290287341762665, -0.5796552543242637], [3.1204191132320265, -1.2902658988667142, 11.875313801685522, 3.306603199733686, -5.414538386347893, 1.730627092594741], [0.11800115190008409, -2.495807371680401, 3.306603199733686, 2.4655592066125687, -4.567699501658903, 0.7671550062893324], [0.06474231593874835, 4.8290287341762665, -5.414538386347893, -4.567699501658903, 8.545009529270637, -1.302619035993752], [0.25827785424819183, -0.5796552543242637, 1.730627092594741, 0.7671550062893324, -1.302619035993752, 0.7458581577507957]], "joints_tracked_reference": [0], "joints_tracked": [15, 16], "joints_trigger_reference": [9], "joints_trigger": [4, 8, 12, 16, 20], "par_trigger_dist": 0.025, "par_trigger_length": 15, "time_gest": 4.018812656402588, "time_classifier": 0.0}], "I": [{"answer_predict": "I", "data_pose_track": [[0.0, 0.0, 0.0, 0.0, 0.0, 0.0], [0.0, 0.0, 0.0, 0.0, 0.0, 0.0], [0.0, 0.0, 0.0, 0.0, 0.0, 0.0], [0.0, 0.0, 0.0, 0.0, 0.0, 0.0], [0.0, 0.0, 0.0, 0.0, 0.0, 0.0], [0.0, 0.0, 0.0, 0.0, 0.0, 0.0], [0.0, 0.0, 0.0, 0.0, 0.0, 0.0], [0.0, 0.0, 0.0, 0.0, 0.0, 0.0], [0.0, 0.0, 0.0, 0.0, 0.0, 0.0], [0.0, 0.0, 0.0, 0.0, 0.0, 0.0], [0.0, 0.0, 0.0, 0.0, 0.0, 0.0], [0.0, 0.0, 0.0, 0.0, 0.0, 0.0], [0.0, 0.0, 0.0, 0.0, 0.0, 0.0], [0.0, 0.0, 0.0, 0.0, 0.0, 0.0], [0.0, 0.0, 0.0, 0.0, 0.0, 0.0], [0.0, 0.0, 0.0, 0.0, 0.0, 0.0], [0.0, 0.0, 0.0, 0.0, 0.0, 0.0], [0.0, 0.0, 0.0, 0.0, 0.0, 0.0], [0.0, 0.0, 0.0, 0.0, 0.0, 0.0], [0.0, 0.0, 0.0, 0.0, 0.0, 0.0], [0.0, 0.0, 0.0, 0.0, 0.0, 0.0], [0.0, 0.0, 0.0, 0.0, 0.0, 0.0], [0.0, 0.0, 0.0, 0.0, 0.0, 0.0], [0.0, 0.0, 0.0, 0.0, 0.0, 0.0], [0.0, 0.0, 0.0, 0.0, 0.0, 0.0], [0.0, 0.0, 0.0, 0.0, 0.0, 0.0], [0.0, 0.0, 0.0, 0.0, 0.0, 0.0], [0.0, 0.0, 0.0, 0.0, 0.0, 0.0], [0.0, 0.0, 0.0, 0.0, 0.0, 0.0], [0.0, 0.0, 0.0, 0.0, 0.0, 0.0], [0.0, 0.0, 0.0, 0.0, 0.0, 0.0], [0.0, 0.0, 0.0, 0.0, 0.0, 0.0], [0.0, 0.0, 0.0, 0.0, 0.0, 0.0], [0.0, 0.0, 0.0, 0.0, 0.0, 0.0], [0.0, 0.0, 0.0, 0.0, 0.0, 0.0], [0.0, 0.0, 0.0, 0.0, 0.0, 0.0], [0.0, 0.0, 0.0, 0.0, 0.0, 0.0], [0.0, 0.0, 0.0, 0.0, 0.0, 0.0], [0.0, 0.0, 0.0, 0.0, 0.0, 0.0], [0.32173866033554077, 0.521933302283287, -0.2600448727607727, -0.4319847375154495, 0.6837187260389328, -0.38769328594207764], [0.3221699595451355, 0.5174476355314255, -0.28331470489501953, -0.42942483723163605, 0.6834904998540878, -0.3882160186767578], [0.3198961615562439, 0.5178749263286591, -0.294589102268219, -0.42273329198360443, 0.6839082539081573, -0.3923875689506531], [0.31936395168304443, 0.514748826622963, -0.27706438302993774, -0.42167458683252335, 0.6794932633638382, -0.43102604150772095], [0.32036101818084717, 0.513932466506958, -0.28775596618652344, -0.4307062029838562, 0.6805968284606934, -0.4633059501647949], [0.27828967571258545, 0.4990805387496948, 0.23071610927581787, -0.4788658618927002, 0.6234090924263, -0.370738685131073], [0.22591394186019897, 0.4977756589651108, -0.17701774835586548, -0.5652176514267921, 0.5470573753118515, -0.1369357705116272], [0.18934327363967896, 0.49582551419734955, -0.2099909782409668, -0.5736019760370255, 0.5275722593069077, 0.24482619762420654], [0.19173741340637207, 0.5104967206716537, -0.0615999698638916, -0.5585225522518158, 0.5256687849760056, 0.41623249650001526], [0.18879973888397217, 0.500048354268074, 0.2061063051223755, -0.5430675745010376, 0.5059848576784134, 0.7813445031642914], [0.18043941259384155, 0.4994159936904907, 0.17003530263900757, -0.5497779548168182, 0.5126342177391052, 0.6103583872318268], [0.17944252490997314, 0.4995024651288986, 0.2579501271247864, -0.5555817484855652, 0.5172515958547592, 0.669588714838028], [0.1796278953552246, 0.4999498277902603, 0.4164886474609375, -0.5500799715518951, 0.515612855553627, 0.8337211310863495], [0.17179256677627563, 0.4977339506149292, 0.2879849672317505, -0.5539336055517197, 0.5187889337539673, 0.6782774031162262], [0.1766107678413391, 0.49810267984867096, 0.32552623748779297, -0.5565828531980515, 0.521733894944191, 0.6790744662284851], [0.17608225345611572, 0.4982728362083435, 0.40374457836151123, -0.5606394410133362, 0.5237582921981812, 0.6257549524307251], [0.17567265033721924, 0.4973003715276718, 0.3200153112411499, -0.5610644817352295, 0.5225115865468979, 0.6281698644161224], [0.17839199304580688, 0.49794408679008484, 0.38759154081344604, -0.5586601346731186, 0.5233215987682343, 0.6492440104484558], [0.18307316303253174, 0.49791716039180756, 0.4002959132194519, -0.5565475970506668, 0.5232297629117966, 0.5413755476474762], [0.18044090270996094, 0.49739211797714233, 0.3706205487251282, -0.5596224814653397, 0.5225187540054321, 0.6009886562824249]], "data_reduce_dim": [[1.0685015003859384, 2.2547115276349716, 0.1570648355181241, -2.2553732672214486, 2.61393