{"F": [{"answer_predict": "F", "data_pose_track": [[0.0, 0.0, 0.0, 0.0, 0.0, 0.0], [0.0, 0.0, 0.0, 0.0, 0.0, 0.0], [0.0, 0.0, 0.0, 0.0, 0.0, 0.0], [0.42962321639060974, 0.7815667241811752, 0.42670896649360657, -0.38548295199871063, 0.311102494597435, -0.7941067218780518], [0.4190530478954315, 0.779916912317276, 0.5565272867679596, -0.3979271650314331, 0.3471476137638092, -0.7983348369598389], [0.4125978350639343, 0.7795873135328293, 0.6674840450286865, -0.4097243919968605, 0.3464522212743759, -0.843467116355896], [0.42091667652130127, 0.7889992147684097, 0.60486900806427, -0.4135460779070854, 0.35243387520313263, -0.8469421863555908], [0.430579274892807, 0.7909962832927704, 0.5995494723320007, -0.4207797646522522, 0.3548484146595001, -0.7784780263900757], [0.4185889959335327, 0.7801872193813324, 0.6037183105945587, -0.4127485752105713, 0.3671567142009735, -0.8364484310150146], [0.4233655333518982, 0.7759087383747101, 0.5909335315227509, -0.41299497336149216, 0.3722989857196808, -0.8125797510147095], [0.4252844452857971, 0.780191645026207, 0.6023762226104736, -0.41284576058387756, 0.3747081607580185, -0.7661648988723755], [0.42519184947013855, 0.7789078652858734, 0.6045536398887634, -0.4087645933032036, 0.36778631806373596, -0.7643723487854004], [0.4278933107852936, 0.7797328978776932, 0.7314278781414032, -0.41086870431900024, 0.36784984171390533, -0.8717933893203735], [0.427916944026947, 0.7793425172567368, 0.7065582275390625, -0.4111265242099762, 0.3701143115758896, -0.7631616592407227], [0.4305718243122101, 0.7791800796985626, 0.6496144831180573, -0.4126760959625244, 0.37164196372032166, -0.7734262943267822], [0.30731862783432007, 0.5147020220756531, -0.3754603862762451, -0.4664057716727257, 0.36488956212997437, -0.6112523078918457], [0.12045210599899292, 0.3675074726343155, -0.5137060880661011, -0.49924279004335403, 0.36594827473163605, -0.5507591962814331], [0.017535924911499023, 0.35879141092300415, -0.6152201890945435, -0.5118887796998024, 0.3604332208633423, -0.5419281721115112], [-0.010812878608703613, 0.36202287673950195, -0.6015108823776245, -0.5176782570779324, 0.3582313060760498, -0.4460397958755493], [-0.015544474124908447, 0.36416302621364594, -0.64909827709198, -0.5182430371642113, 0.35268281400203705, -0.5502790212631226], [-0.01608753204345703, 0.365487664937973, -0.7183482646942139, -0.5232117883861065, 0.352853924036026, -0.47794556617736816], [-0.012774467468261719, 0.3692280650138855, -0.6261345148086548, -0.5227096118032932, 0.3538626432418823, -0.5088435411453247], [-0.01663970947265625, 0.3706464022397995, -0.6805610656738281, -0.5225052610039711, 0.3512379378080368, -0.567432165145874]], "data_reduce_dim": [[2.271014064122605, 4.160037277024221, 2.9752661858342506, -2.258090882598524, 1.9631919675767744, -4.31970653063258], [4.160037277024221, 8.52334669213205, 3.934015001412969, -5.396675313855763, 4.461265826172303, -9.18442949928309], [2.9752661858342506, 3.934015001412969, 7.4986311675839215, -0.5569648304931398, 0.939616608048012, -3.3938325126701017], [-2.258090882598524, -5.396675313855763, -0.5569648304931398, 4.094851316666633, -3.2207977882466445, 6.113988835165648], [1.9631919675767744, 4.461265826172303, 0.939616608048012, -3.2207977882466445, 2.5697340571372242, -4.981357113935408], [-4.31970653063258, -9.18442949928309, -3.3938325126701017, 6.113988835165648, -4.981357113935408, 10.05629580882541]], "joints_tracked_reference": [0], "joints_tracked": [15, 16], "joints_trigger_reference": [9], "joints_trigger": [4, 8, 12, 16, 20], "par_trigger_dist": 0.025, "par_trigger_length": 15, "time_gest": 4.017780303955078, "time_classifier": 0.0}, {"answer_predict": "F", "data_pose_track": [[0.39707058668136597, 0.6569719612598419, 0.1416008472442627, -0.38037464022636414, 0.3197750151157379, -0.8123378157615662], [0.39764469861984253, 0.6569074094295502, 0.12664973735809326, -0.380951888859272, 0.3193100392818451, -0.8271111249923706], [0.39808815717697144, 0.6569646596908569, 0.11336791515350342, -0.3805055245757103, 0.31913918256759644, -0.8042426705360413], [0.39877158403396606, 0.6570784896612167, 0.07738238573074341, -0.38057804852724075, 0.3222927302122116, -0.7874009013175964], [0.39889460802078247, 0.6571226865053177, 0.08242321014404297, -0.38032379001379013, 0.3241494446992874, -0.7621877789497375], [0.3920404613018036, 0.6561196744441986, 0.083121657371521, -0.3989318609237671, 0.32636263966560364, -0.6771866083145142], [0.25257396697998047, 0.5622152388095856, -0.4433935880661011, -0.45226994156837463, 0.3319949805736542, -0.676085352897644], [0.12976902723312378, 0.4967878460884094, -0.5602887868881226, -0.4513300731778145, 0.3454008102416992, -0.6568084955215454], [0.009272396564483643, 0.40875914692878723, -0.5093836784362793, -0.464728519320488, 0.3452679216861725, -0.6263363361358643], [-0.059050917625427246, 0.36835917830467224, -0.39657652378082275, -0.4651990309357643, 0.3469384014606476, -0.6400818824768066], [-0.07305318117141724, 0.3608328104019165, -0.4500720500946045, -0.46500686556100845, 0.3370667099952698, -0.6202740669250488], [-0.07552987337112427, 0.3632378429174423, -0.5398790836334229, -0.4644364193081856, 0.3373934477567673, -0.5804653167724609], [-0.07381820678710938, 0.3646453469991684, -0.2860759496688843, -0.46083294600248337, 0.34853295981884, -0.6534855365753174], [-0.07556807994842529, 0.35956981778144836, -0.3395957946777344, -0.46293241530656815, 0.3478330075740814, -0.636001467704773], [-0.07207441329956055, 0.36652378737926483, -0.39497292041778564, -0.46428282558918, 0.3494103401899338, -0.6257116794586182], [-0.07412108778953552, 0.3639494925737381, -0.4103626012802124, -0.46370092779397964, 0.34205181896686554, -0.6937875747680664], [-0.06974661350250244, 0.36780795454978943, -0.42020392417907715, -0.4723229929804802, 0.33175137639045715, -0.6971832513809204], [-0.063956618309021, 0.3713851869106293, -0.41112077236175537, -0.4681820422410965, 0.33314016461372375, -0.6769336462020874], [-0.06455045938491821, 0.36873695254325867, -0.3739694356918335, -0.4651862010359764, 0.3343518078327179, -0.6540037393569946], [-0.06621760129928589, 0.36770153045654297, -0.33098912239074707, -0.4650096371769905, 0.33602702617645264, -0.6144118309020996]], "data_reduce_dim": [[1.0806949630746256, 1.4946546347418868, 0.36301714108043015, -0.7339142353698322, 0.6372152324102278, -1.622326940695448], [1.4946546347418868, 4.790032778180714, -1.9175635010339809, -4.051709345626716, 3.1370733575106584, -6.6245184858653445], [0.36301714108043015, -1.9175635010339809, 2.6064988046287745, 2.4769813191487438, -1.7961851154539685, 3.2961873892785114], [-0.7339142353698322, -4.051709345626716, 2.4769813191487438, 3.887954487883612, -2.94910385978085, 5.982826541580705], [0.6372152324102278, 3.1370733575106584, -1.7961851154539685, -2.94910385978085, 2.245366399581989, -4.583797792879082], [-1.622326940695448, -6.6245184858653445, 3.2961873892785114, 5.982826541580705, -4.583797792879082, 9.516418588437787]], "joints_tracked_reference": [0], "joints_tracked": [15, 16], "joints_trigger_reference": [9], "joints_trigger": [4, 8, 12, 16, 20], "par_trigger_dist": 0.025, "par_trigger_length": 15, "time_gest": 4.013739824295044, "time_classifier": 0.0}, {"answer_predict": "F", "data_pose_track": [[0.37468793988227844, 0.7339058816432953, 0.33403700590133667, -0.4020487293601036, 0.3688686192035675, -0.7374240756034851], [0.3770025670528412, 0.7421296685934067, 0.31004631519317627, -0.40091080218553543, 0.35705094039440155, -0.7916691899299622], [0.37650948762893677, 0.7381573617458344, 0.3222543001174927, -0.3975045680999756, 0.35863980650901794, -0.7265352606773376], [0.38018766045570374, 0.7385054975748062, 0.34238100051879883, -0.39560360461473465, 0.34777720272541046, -0.77649986743927], [0.38301947712898254, 0.7357146739959717, 0.3664477467536926, -0.39460113644599915, 0.339724600315094, -0.7600927352905273], [0.23202240467071533, 0.6659610867500305, -0.051015257835388184, -0.43286576867103577, 0.3486436605453491, -0.7803592681884766], [0.03674572706222534, 0.46466854214668274, -0.33425843715667725, -0.4495726451277733, 0.34823551774024963, -0.8185019493103027], [-0.03561854362487793, 0.4072493016719818, -0.26925504207611084, -0.4625304713845253, 0.3428706228733063, -0.7652212381362915], [-0.09661802649497986, 0.37131504714488983, -0.22078144550323486, -0.46971727162599564, 0.3446873277425766, -0.6816885471343994], [-0.11458456516265869, 0.3635295480489731, -0.24476921558380127, -0.47088856250047684, 0.34388844668865204, -0.7110792398452759], [-0.10929441452026367, 0.3642168492078781, -0.2421168088912964, -0.4701550304889679, 0.3378138393163681, -0.7091661691665649], [-0.10672217607498169, 0.3674096316099167, -0.29579365253448486, -0.4726133793592453, 0.33799730241298676, -0.7316259145736694], [-0.10912281274795532, 0.366686075925827, -0.36983656883239746, -0.4763425439596176, 0.3381108343601227, -0.7211868762969971], [-0.10638228058815002, 0.36554546654224396, -0.3048436641693115, -0.4748787060379982, 0.3407503515481949, -0.5740585327148438], [-0.10987532138824463, 0.3658343106508255, -0.3546558618545532, -0.47296620160341263, 0.34477992355823517, -0.6980078220367432], [-0.11154866218566895, 0.3636225312948227, -0.34897100925445557, -0.47078491002321243, 0.3445727080106735, -0.6971499919891357], [-0.10600921511650085, 0.365740567445755, -0.2740800380706787, -0.4679807350039482, 0.3474578559398651, -0.7027225494384766], [-0.10696542263031006, 0.36457671225070953, -0.23445367813110352, -0.46815429627895355, 0.3520670682191849, -0.6757489442825317], [-0.10983973741531372, 0.36374078691005707, -0.22263717651367188, -0.4739021509885788, 0.3521750420331955, -0.6831048727035522], [-0.10939422249794006, 0.3649196922779083, -0.2259436845779419, -0.4723490700125694, 0.35205063223838806, -0.6992212533950806]], "data_reduce_dim": [[0.912232929390715, 1.0784946575209355, 0.9807721069461799, -0.24191798935729936, 0.3048165474310851, -0.7230818902207332], [1.0784946575209355, 5.150156732491153, -0.2840355518140214, -4.22355717167948, 3.3530270211902042, -7.038209760894474], [0.9807721069461799, -0.2840355518140214, 1.7126429083693964, 1.2059621217292125, -0.7826642477461192, 1.5554640046253887], [-0.24191798935729936, -4.22355717167948, 1.2059621217292125, 4.066415859224227, -3.122887294044122, 6.477427808494277], [0.3048165474310851, 3.3530270211902042, -0.7826642477461192, -3.122887294044122, 2.4150217311613025, -5.018479041365437], [-0.7230818902207332, -7.038209760894474, 1.5554640046253887, 6.477427808494277, -5.018479041365437, 10.480961521692347]], "joints_tracked_reference": [0], "joints_tracked": [15, 16], "joints_trigger_reference": [9], "joints_trigger": [4, 8, 12, 16, 20], "par_trigger_dist": 0.025, "par_trigger_length": 15, "time_gest": 4.031443119049072, "time_classifier": 0.0}, {"answer_predict": "F", "data_pose_track": [[0.34265458583831787, 0.7442051619291306, 0.31312495470046997, -0.4340667501091957, 0.3848733752965927, -0.6621643900871277], [0.3464816212654114, 0.745417907834053, 0.3660227060317993, -0.4305979534983635, 0.37279148399829865, -0.6632823348045349], [0.35366207361221313, 0.750767782330513, 0.4623020887374878, -0.42867040634155273, 0.36948706209659576, -0.6491549015045166], [0.3583085536956787, 0.7501522898674011, 0.39343559741973877, -0.4219253361225128, 0.36077576875686646, -0.6644202470779419], [0.35005736351013184, 0.7464135736227036, 0.08923602104187012, -0.45858751982450485, 0.36439357697963715, -0.8664157390594482], [0.07557946443557739, 0.5280964523553848, -0.48162174224853516, -0.4813714027404785, 0.3599780350923538, -0.7428238391876221], [-0.02660512924194336, 0.43446090817451477, -0.30794012546539307, -0.48446280509233475, 0.3594103753566742, -0.670626163482666], [-0.09843799471855164, 0.36720816791057587, -0.18481290340423584, -0.4859916418790817, 0.3550756424665451, -0.6901233196258545], [-0.10460257530212402, 0.36415016651153564, -0.19697785377502441, -0.48670635372400284, 0.3557993173599243, -0.6830949783325195], [-0.1107407808303833, 0.3535451591014862, -0.24865782260894775, -0.47891518473625183, 0.3548943102359772, -0.6923151016235352], [-0.09882065653800964, 0.3633149117231369, -0.2679445743560791, -0.4786565899848938, 0.3568953722715378, -0.6783040761947632], [-0.09989216923713684, 0.3639775812625885, -0.35803544521331787, -0.48054924607276917, 0.36236175894737244, -0.733331561088562], [-0.09941250085830688, 0.36533641815185547, -0.27522432804107666, -0.4810837656259537, 0.36350947618484497, -0.714103102684021], [-0.09756344556808472, 0.36742082238197327, -0.2853039503097534, -0.47945160418748856, 0.36597129702568054, -0.7097165584564209], [-0.0980367362499237, 0.36767080426216125, -0.2992132902145386, -0.4792539179325104, 0.3767607510089874, -0.7201918363571167], [-0.09546893835067749, 0.37059570848941803, -0.31845903396606445, -0.48011061549186707, 0.3816475421190262, -0.704196572303772], [-0.09253367781639099, 0.3706035315990448, -0.26356232166290283, -0.4787588492035866, 0.3806858956813812, -0.7131220102310181], [-0.09307393431663513, 0.3667231947183609, -0.24630367755889893, -0.47627462446689606, 0.3763005882501602, -0.6664259433746338], [-0.08883416652679443, 0.36712999641895294, -0.2716001272201538, -0.47286107391119003, 0.38234366476535797, -0.6690391302108765], [-0.08725905418395996, 0.36636558175086975, -0.24958062171936035, -0.4869502931833267, 0.3816143572330475, -0.727980375289917]], "data_reduce_dim": [[0.7433809144057602, 0.874973686844831, 0.8783418557748313, -0.17709726631582012, 0.20052338462158703, -0.3805747485927391], [0.874973686844831, 4.999396846113484, -0.44116804389840336, -4.373308146807034, 3.484057814724002, -6.632053477661357], [0.8783418557748313, -0.44116804389840336, 1.8843340509145499, 1.3464250877823436, -0.9619711933723414, 1.9081512960858156], [-0.17709726631582012, -4.373308146807034, 1.3464250877823436, 4.413075099937239, -3.4556068350895233, 6.584666732818004], [0.20052338462158703, 3.484057814724002, -0.9619711933723414, -3.4556068350895233, 2.714643440130618, -5.162704052690758], [-0.3805747485927391, -6.632053477661357, 1.9081512960858156, 6.584666732818004, -5.162704052690758, 9.871970422311314]], "joints_tracked_reference": [0], "joints_tracked": [15, 16], "joints_trigger_reference": [9], "joints_trigger": [4, 8, 12, 16, 20], "par_trigger_dist": 0.025, "par_trigger_length": 15, "time_gest": 4.033298015594482, "time_classifier": 0.0}, {"answer_predict": "F", "data_pose_track": [[0.3776994049549103, 0.7316731512546539, 0.23522698879241943, -0.4021361842751503, 0.3774026334285736, -0.5837264657020569], [0.37614449858665466, 0.7331651449203491, 0.2100670337677002, -0.40115539729595184, 0.3765205144882202, -0.6334766745567322], [0.37327703833580017, 0.7352034896612167, 0.3509349822998047, -0.4028109833598137, 0.36472462117671967, -0.6645971536636353], [0.369033545255661, 0.730564221739769, 0.3090243339538574, -0.40630876272916794, 0.360924169421196, -0.7039593458175659], [0.3662911057472229, 0.742664635181427, 0.4101969599723816, -0.4185885116457939, 0.36251193284988403, -0.6833308339118958], [0.12579423189163208, 0.5590645223855972, -0.208778977394104, -0.4850771576166153, 0.33065415918827057, -0.6079009771347046], [-0.05634796619415283, 0.4163452684879303, -0.22140002250671387, -0.4993753582239151, 0.3338099420070648, -0.69954514503479], [-0.09770932793617249, 0.36453777551651, -0.21711444854736328, -0.4979733005166054, 0.33253538608551025, -0.6910785436630249], [-0.13524380326271057, 0.3447532504796982, -0.28086090087890625, -0.5152038261294365, 0.3340281695127487, -0.779900074005127], [-0.1234656274318695, 0.3567105531692505, -0.23983895778656006, -0.5192624256014824, 0.34007853269577026, -0.6952314376831055], [-0.1259554624557495, 0.34790754318237305, -0.269748330116272, -0.5062601864337921, 0.33829498291015625, -0.7258013486862183], [-0.12527412176132202, 0.3539537787437439, -0.28949737548828125, -0.5211785957217216, 0.3389042615890503, -0.7363220453262329], [-0.1312146782875061, 0.3519568294286728, -0.2660529613494873, -0.5067871510982513, 0.3521575778722763, -0.6902891397476196], [-0.1185590922832489, 0.3598604202270508, -0.2674800157546997, -0.5215753391385078, 0.35569947957992554, -0.6816319227218628], [-0.11563318967819214, 0.3647528737783432, -0.2489379644393921, -0.5201290957629681, 0.35701142251491547, -0.6895917654037476], [-0.10555902123451233, 0.3670697510242462, -0.2977488040924072, -0.5120879411697388, 0.3579302728176117, -0.689232587814331], [-0.10743141174316406, 0.37226179242134094, -0.2699925899505615, -0.5150314755737782, 0.3640855848789215, -0.6752742528915405], [-0.10438898205757141, 0.3739452660083771, -0.2114628553390503, -0.5142501629889011, 0.3651897609233856, -0.6172952651977539], [-0.10413014888763428, 0.37235213816165924, -0.2818639278411865, -0.5007359534502029, 0.36226220428943634, -0.6777118444442749], [-0.10789477825164795, 0.3717092275619507, -0.3118854761123657, -0.509801983833313, 0.3578718900680542, -0.7547630071640015]], "data_reduce_dim": [[0.8881818603290537, 0.8729374581356573, 0.9493334220608638, -0.01909037846614925, 0.1833402697100417, -0.1985926168192762], [0.8729374581356573, 4.8862659763373895, -0.3426673828117046, -4.380008756124581, 3.32597688386205, -6.3228495439209365], [0.9493334220608638, -0.3426673828117046, 1.506383179538691, 1.3633845486800644, -0.7973134809025382, 1.7072577830126185], [-0.01909037846614925, -4.380008756124581, 1.3633845486800644, 4.722834559357444, -3.409508820843171, 6.637336827162999], [0.1833402697100417, 3.32597688386205, -0.7973134809025382, -3.409508820843171, 2.498110890546127, -4.824692432973125], [-0.1985926168192762, -6.3228495439209365, 1.7072577830126185, 6.637336827162999, -4.824692432973125, 9.40097248046565]], "joints_tracked_reference": [0], "joints_tracked": [15, 16], "joints_trigger_reference": [9], "joints_trigger": [4, 8, 12, 16, 20], "par_trigger_dist": 0.025, "par_trigger_length": 15, "time_gest": 4.0204339027404785, "time_classifier": 0.0}, {"answer_predict": "F", "data_pose_track": [[0.34690535068511963, 0.7348379641771317, 0.33297574520111084, -0.4356933832168579, 0.36443425714969635, -0.6971973776817322], [0.35571086406707764, 0.7387245446443558, 0.4269619584083557, -0.432592511177063, 0.36420704424381256, -0.671597957611084], [0.3655226230621338, 0.7523338049650192, 0.4502943158149719, -0.43020112812519073, 0.36652038991451263, -0.6501086950302124], [0.3677196502685547, 0.7594905197620392, 0.46612656116485596, -0.42963314801454544, 0.3580513298511505, -0.620305061340332], [0.2522470951080322, 0.742539256811142, 0.13098359107971191, -0.4794299677014351, 0.35415056347846985, -0.7351021766662598], [0.04672199487686157, 0.5303988605737686, -0.2979222536087036, -0.4996190667152405, 0.36844302713871, -0.7238483428955078], [-0.08342897891998291, 0.36461348831653595, -0.14480507373809814, -0.49032870680093765, 0.3668888360261917, -0.8978008031845093], [-0.10426202416419983, 0.3458477407693863, -0.1604471206665039, -0.49906764924526215, 0.35266073048114777, -0.7178552150726318], [-0.10036793351173401, 0.34782935678958893, -0.12164604663848877, -0.5063903704285622, 0.35279257595539093, -0.6258971691131592], [-0.10328564047813416, 0.33981436491012573, -0.21955060958862305, -0.4896111860871315, 0.3561004400253296, -0.629091739654541], [-0.09665364027023315, 0.3401522636413574, -0.2473534345626831, -0.4812121316790581, 0.352256715297699, -0.624840259552002], [-0.10098150372505188, 0.34105774760246277, -0.2556190490722656, -0.4883851855993271, 0.3519938886165619, -0.6459190845489502], [-0.10409164428710938, 0.34109964966773987, -0.306988000869751, -0.5011432692408562, 0.35088202357292175, -0.7248492240905762], [-0.10907885432243347, 0.3413715958595276, -0.2552616596221924, -0.503985159099102, 0.3507533669471741, -0.7132053375244141], [-0.10582616925239563, 0.34481799602508545, -0.19770538806915283, -0.4973089024424553, 0.35089218616485596, -0.657597541809082], [-0.11075273156166077, 0.3430115729570389, -0.23263120651245117, -0.5010224357247353, 0.35005511343479156, -0.7051217555999756], [-0.11863461136817932, 0.3467884063720703, -0.29023051261901855, -0.5173737183213234, 0.357621967792511, -0.710668683052063], [-0.11289522051811218, 0.34548668563365936, -0.2541261911392212, -0.502025842666626, 0.34370212256908417, -0.7255527973175049], [-0.12035831809043884, 0.3484790176153183, -0.2688082456588745, -0.510758064687252, 0.33956174552440643, -0.7602291107177734], [-0.11514192819595337, 0.3531864136457443, -0.23843765258789062, -0.509710468351841, 0.34019677340984344, -0.7247018814086914]], "data_reduce_dim": [[0.7403833149040278, 0.7702702931369978, 0.9653330896511108, -0.02089304631003608, 0.10704381076669955, -0.12047188348082827], [0.7702702931369978, 4.737498402997374, 0.08944539288206954, -4.332027329446127, 3.2439904442134813, -6.315702855556206], [0.9653330896511108, 0.08944539288206954, 1.5858886164586963, 0.9602675267609273, -0.5740934781222791, 1.264101275594058], [-0.02089304631003608, -4.332027329446127, 0.9602675267609273, 4.725690564153714, -3.4389438529042677, 6.786742571486625], [0.10704381076669955, 3.2439904442134813, -0.5740934781222791, -3.4389438529042677, 2.516272232920075, -4.951227874644366], [-0.12047188348082827, -6.315702855556206, 1.264101275594058, 6.786742571486625, -4.951227874644366, 9.823699632014769]], "joints_tracked_reference": [0], "joints_tracked": [15, 16], "joints_trigger_reference": [9], "joints_trigger": [4, 8, 12, 16, 20], "par_trigger_dist": 0.025, "par_trigger_length": 15, "time_gest": 4.001765012741089, "time_classifier": 0.0}, {"answer_predict": "F", "data_pose_track": [[0.3547031283378601, 0.7537842243909836, 0.38886645436286926, -0.4359860345721245, 0.3798345774412155, -0.656505823135376], [0.34964054822921753, 0.7541959583759308, 0.469588965177536, -0.43508943915367126, 0.38012829422950745, -0.6531822085380554], [0.3523581624031067, 0.7563632875680923, 0.4120839536190033, -0.43531832098960876, 0.37761838734149933, -0.6591649055480957], [0.3477967381477356, 0.7525443583726883, 0.4899372458457947, -0.4327794015407562, 0.3820963650941849, -0.6566418409347534], [0.3582218885421753, 0.7580550760030746, 0.3455852270126343, -0.4469352811574936, 0.3832324594259262, -0.6501868367195129], [0.10433465242385864, 0.5589732676744461, -0.1933656930923462, -0.4835987538099289, 0.36994554102420807, -0.6620090007781982], [-0.049802958965301514, 0.42239660024642944, -0.35093629360198975, -0.5219129845499992, 0.36787259578704834, -0.7515394687652588], [-0.11214491724967957, 0.3547750264406204, -0.19845998287200928, -0.5265789330005646, 0.3662926107645035, -0.8230129480361938], [-0.1201883852481842, 0.3455200791358948, -0.16036474704742432, -0.5093810632824898, 0.36510467529296875, -0.7151174545288086], [-0.11681458353996277, 0.3468541204929352, -0.23808395862579346, -0.5040943771600723, 0.3594333231449127, -0.64491868019104], [-0.11301916837692261, 0.3514348566532135, -0.27227139472961426, -0.49649327248334885, 0.357750803232193, -0.6087671518325806], [-0.10949069261550903, 0.35320520401000977, -0.24230670928955078, -0.49604741483926773, 0.3571043014526367, -0.6189578771591187], [-0.11187347769737244, 0.3523653447628021, -0.2261897325515747, -0.4990648180246353, 0.35894104838371277, -0.6368900537490845], [-0.10863393545150757, 0.35475780069828033, -0.23954474925994873, -0.49918682873249054, 0.35635705292224884, -0.66581130027771], [-0.11313948035240173, 0.3541770428419113, -0.18637287616729736, -0.5028370767831802, 0.3555268496274948, -0.671613335609436], [-0.1152944564819336, 0.3534683287143707, -0.16365540027618408, -0.5050662532448769, 0.35747674107551575, -0.6705070734024048], [-0.11989575624465942, 0.35558050870895386, -0.2100909948348999, -0.5212208703160286, 0.3595083951950073, -0.7019181251525879], [-0.11833375692367554, 0.35312093794345856, -0.22959625720977783, -0.5129101276397705, 0.3607909232378006, -0.7007386684417725], [-0.11586016416549683, 0.3542969524860382, -0.23517894744873047, -0.5089452415704727, 0.35442915558815, -0.7133421897888184], [-0.11678639054298401, 0.35284458100795746, -0.203857421875, -0.5081292688846588, 0.3507830947637558, -0.6668413877487183]], "data_reduce_dim": [[0.8061504349803013, 0.842464583112783, 1.060158142691817, -0.03897817429330863, 0.15653042412549611, -0.17180597910209983], [0.842464583112783, 4.95629892908648, 0.344081864378869, -4.464283947894067, 3.4412424693930985, -6.276460576266392], [1.060158142691817, 0.344081864378869, 1.6799708440431251, 0.7779024482171304, -0.40447171557734496, 0.9094890890499965], [-0.03897817429330863, -4.464283947894067, 0.7779024482171304, 4.803791781876624, -3.5651419427196887, 6.630294053740297], [0.15653042412549611, 3.4412424693930985, -0.40447171557734496, -3.5651419427196887, 2.6666984757282073, -4.9374530220797554], [-0.17180597910209983, -6.276460576266392, 0.9094890890499965, 6.630294053740297, -4.9374530220797554, 9.194339963722094]], "joints_tracked_reference": [0], "joints_tracked": [15, 16], "joints_trigger_reference": [9], "joints_trigger": [4, 8, 12, 16, 20], "par_trigger_dist": 0.025, "par_trigger_length": 15, "time_gest": 4.02027702331543, "time_classifier": 0.0}, {"answer_predict": "F", "data_pose_track": [[0.35295993089675903, 0.7079809606075287, 0.3365490436553955, -0.438370905816555, 0.37499502301216125, -0.6608794927597046], [0.3519190549850464, 0.7078901827335358, 0.3283052444458008, -0.43830706179142, 0.38192084431648254, -0.6735965013504028], [0.35309290885925293, 0.7082229554653168, 0.34696006774902344, -0.43571993708610535, 0.3822549879550934, -0.6811184287071228], [0.34742647409439087, 0.7060706168413162, 0.32523953914642334, -0.4366997331380844, 0.3786778002977371, -0.6872795224189758], [0.30146199464797974, 0.7220877707004547, 0.18896698951721191, -0.4657638594508171, 0.37532082200050354, -0.6770046949386597], [0.1311078667640686, 0.6219490766525269, -0.14419293403625488, -0.5105524733662605, 0.37672263383865356, -0.7808732986450195], [-0.05595201253890991, 0.4317146837711334, -0.28356075286865234, -0.5124730616807938, 0.37189218401908875, -0.5992271900177002], [-0.13225480914115906, 0.36963488161563873, -0.1655939817428589, -0.5370493680238724, 0.35365553200244904, -0.734403133392334], [-0.12144169211387634, 0.3698532283306122, -0.18291330337524414, -0.5280737951397896, 0.35551396012306213, -0.7305898666381836], [-0.11710307002067566, 0.3719908148050308, -0.2453145980834961, -0.5250606387853622, 0.35253293812274933, -0.7511299848556519], [-0.11563190817832947, 0.37319111824035645, -0.3497719168663025, -0.5172905959188938, 0.35248368978500366, -0.7371838688850403], [-0.11599937081336975, 0.37407587468624115, -0.3704855442047119, -0.5158474966883659, 0.3615547865629196, -0.7098158597946167], [-0.12520572543144226, 0.37982839345932007, -0.33760547637939453, -0.5234103538095951, 0.3675112724304199, -0.7844470739364624], [-0.1298011839389801, 0.37513577938079834, -0.31228017807006836, -0.5358924716711044, 0.3688852787017822, -0.7538557052612305], [-0.1288999617099762, 0.377120703458786, -0.33581817150115967, -0.5374465435743332, 0.3603495657444, -0.7022675275802612], [-0.1259337067604065, 0.3771076053380966, -0.30958986282348633, -0.5301724821329117, 0.35853271186351776, -0.7646141052246094], [-0.1268383264541626, 0.37575913965702057, -0.2620338201522827, -0.5292106010019779, 0.35509897768497467, -0.7800544500350952], [-0.12870657444000244, 0.3742397129535675, -0.2847716808319092, -0.5285610482096672, 0.3553817570209503, -0.7143017053604126], [-0.13563638925552368, 0.3726731687784195, -0.37786686420440674, -0.5532417595386505, 0.36372919380664825, -0.7772119045257568], [-0.12735497951507568, 0.3753013163805008, -0.34343159198760986, -0.5406368523836136, 0.36963386833667755, -0.7599320411682129], [-0.12692993879318237, 0.3718991130590439, -0.2696206569671631, -0.5332262143492699, 0.36669783294200897, -0.7422993183135986]], "data_reduce_dim": [[0.8261662595524513, 0.611817389431422, 1.0442006716914864, 0.14094196930366754, 0.04186641610913844, 0.08903480357454363], [0.611817389431422, 5.056795131320683, -0.6826319699154393, -4.8943190173844995, 3.6261081089984524, -7.052587967080311], [1.0442006716914864, -0.6826319699154393, 1.8680729443200654, 1.749014465293665, -1.077569610105586, 2.346919280238996], [0.14094196930366754, -4.8943190173844995, 1.749014465293665, 5.454936199334048, -3.8992140034046123, 7.7494468008727635], [0.04186641610913844, 3.6261081089984524, -1.077569610105586, -3.8992140034046123, 2.813123808664977, -5.557778837544089], [0.08903480357454363, -7.052587967080311, 2.346919280238996, 7.7494468008727635, -5.557778837544089, 11.05127072564974]], "joints_tracked_reference": [0], "joints_tracked": [15, 16], "joints_trigger_reference": [9], "joints_trigger": [4, 8, 12, 16, 20], "par_trigger_dist": 0.025, "par_trigger_length": 15, "time_gest": 4.211627721786499, "time_classifier": 0.0}, {"answer_predict": "F", "data_pose_track": [[0.3474297523498535, 0.721569374203682, 0.4729084074497223, -0.44071538746356964, 0.367494598031044, -0.7033886909484863], [0.345594584941864, 0.719648465514183, 0.4181769788265228, -0.4414215534925461, 0.36862049996852875, -0.6832432746887207], [0.3451354503631592, 0.7195614576339722, 0.43505537509918213, -0.44494375586509705, 0.36556386947631836, -0.7578132748603821], [0.3488561511039734, 0.7248426377773285, 0.4324718415737152, -0.44516609609127045, 0.3560240566730499, -0.745620608329773], [0.35561031103134155, 0.7520102113485336, 0.5267500877380371, -0.4499656781554222, 0.357009157538414, -0.6592849493026733], [0.08428704738616943, 0.6128041297197342, -0.05819505453109741, -0.5056298300623894, 0.3645630031824112, -0.895898163318634], [-0.06025552749633789, 0.47151778638362885, -0.26714301109313965, -0.5225682556629181, 0.3684818595647812, -0.7272188663482666], [-0.11429721117019653, 0.3866102397441864, -0.24493110179901123, -0.5232117176055908, 0.3720466196537018, -0.7233296632766724], [-0.1376206874847412, 0.37240341305732727, -0.18673765659332275, -0.5365078151226044, 0.38070347905158997, -0.7001525163650513], [-0.12596052885055542, 0.37912121415138245, -0.23994529247283936, -0.5204119831323624, 0.3780728280544281, -0.7585028409957886], [-0.12219256162643433, 0.3828165829181671, -0.2626211643218994, -0.5195157304406166, 0.37516137957572937, -0.7492204904556274], [-0.1293981969356537, 0.38185179233551025, -0.2965484857559204, -0.5320866703987122, 0.3812410235404968, -0.771660327911377], [-0.1365179419517517, 0.38219723105430603, -0.2908358573913574, -0.5355655252933502, 0.3800860345363617, -0.7600597143173218], [-0.1254172921180725, 0.3866046667098999, -0.32901501655578613, -0.5226685702800751, 0.3806754946708679, -0.7691131830215454], [-0.1307082176208496, 0.3886869251728058, -0.278963565826416, -0.5339426323771477, 0.3830837309360504, -0.7627965211868286], [-0.13322627544403076, 0.38980425894260406, -0.27051830291748047, -0.5384234040975571, 0.3831881433725357, -0.7592544555664062], [-0.13974392414093018, 0.38506194949150085, -0.23399627208709717, -0.5464708283543587, 0.3827095925807953, -0.7537542581558228], [-0.14142343401908875, 0.38566116988658905, -0.2638843059539795, -0.551312655210495, 0.3823327273130417, -0.7524495124816895], [-0.14609014987945557, 0.38348355889320374, -0.27003157138824463, -0.5609109923243523, 0.3835298717021942, -0.7558386325836182], [-0.14684677124023438, 0.38087037205696106, -0.21669483184814453, -0.5573134422302246, 0.3848631680011749, -0.7799762487411499]], "data_reduce_dim": [[0.8493359303014447, 0.6281894938186503, 1.257496228869968, 0.14414798355107372, -0.0176423746636023, 0.035446444727980975], [0.6281894938186503, 5.15703500182071, 0.2040277005170319, -4.84916228510643, 3.6145113382474525, -7.22974884493762], [1.257496228869968, 0.2040277005170319, 2.0244840313573027, 0.9682485038640243, -0.5788874097549934, 1.184469491181872], [0.14414798355107372, -4.84916228510643, 0.9682485038640243, 5.264674433556745, -3.8397044864740852, 7.66955169901447], [-0.0176423746636023, 3.6145113382474525, -0.5788874097549934, -3.8397044864740852, 2.8106729863070905, -5.61153418308104], [0.035446444727980975, -7.22974884493762, 1.184469491181872, 7.66955169901447, -5.61153418308104, 11.24501488609365]], "joints_tracked_reference": [0], "joints_tracked": [15, 16], "joints_trigger_reference": [9], "joints_trigger": [4, 8, 12, 16, 20], "par_trigger_dist": 0.025, "par_trigger_length": 15, "time_gest": 4.019948720932007, "time_classifier": 0.0}, {"answer_predict": "F", "data_pose_track": [[0.3406439423561096, 0.7280842959880829, 0.3298978805541992, -0.42664654552936554, 0.38653770089149475, -0.7913551330566406], [0.34671545028686523, 0.7305955290794373, 0.2948146462440491, -0.4294783025979996, 0.37923717498779297, -0.7662894129753113], [0.35031163692474365, 0.7300613522529602, 0.2316717505455017, -0.4283434972167015, 0.3773362636566162, -0.7787389755249023], [0.3507876396179199, 0.7301270514726639, 0.3172624111175537, -0.4291987866163254, 0.3755606561899185, -0.7791087031364441], [0.3261028528213501, 0.7038620412349701, 0.17887169122695923, -0.458732508122921, 0.3677779734134674, -0.7692046761512756], [0.06762945652008057, 0.5330043435096741, -0.27286767959594727, -0.48855485022068024, 0.3621669411659241, -0.6644738912582397], [-0.08467209339141846, 0.4375052750110626, -0.13935089111328125, -0.5128496289253235, 0.35344359278678894, -0.7377122640609741], [-0.09907186031341553, 0.4196256697177887, -0.22506964206695557, -0.5120772421360016, 0.35748806595802307, -0.6995836496353149], [-0.11074739694595337, 0.40668439865112305, -0.106536865234375, -0.5216144099831581, 0.3550869822502136, -0.6609668731689453], [-0.10136759281158447, 0.39966243505477905, -0.20612144470214844, -0.5172948688268661, 0.3457685708999634, -0.6999492645263672], [-0.10541850328445435, 0.38907840847969055, -0.24107539653778076, -0.5143777579069138, 0.3477964699268341, -0.718375563621521], [-0.09826141595840454, 0.38927502930164337, -0.21862375736236572, -0.4943735599517822, 0.3587576895952225, -0.7382415533065796], [-0.09804627299308777, 0.396471306681633, -0.3855735659599304, -0.4824710711836815, 0.37621645629405975, -0.6974555850028992], [-0.1013471782207489, 0.39259010553359985, -0.35127347707748413, -0.47750959545373917, 0.376548707485199, -0.7185282111167908], [-0.11054489016532898, 0.3950903117656708, -0.3909537196159363, -0.5025727972388268, 0.36930468678474426, -0.7740800976753235], [-0.10876360535621643, 0.39667440950870514, -0.312699556350708, -0.5021311268210411, 0.3608948737382889, -0.7427111864089966], [-0.11210745573043823, 0.39436815679073334, -0.2465599775314331, -0.5077112689614296, 0.3601175397634506, -0.7457857131958008], [-0.10374048352241516, 0.39579422771930695, -0.2674837112426758, -0.4936477765440941, 0.36065657436847687, -0.7429623603820801], [-0.10503235459327698, 0.39560167491436005, -0.33016353845596313, -0.49011804908514023, 0.36070631444454193, -0.7119008898735046], [-0.10857710242271423, 0.39586280286312103, -0.299376904964447, -0.48979341238737106, 0.36682872474193573, -0.7065141797065735]], "data_reduce_dim": [[0.7433152314280447, 0.7000530949346113, 0.8338125542343509, -0.051666427402936366, 0.1492509829558002, -0.3332180461744425], [0.7000530949346113, 5.155153735911217, -0.644704733878549, -4.644380318069375, 3.581036638534849, -7.209266388360124], [0.8338125542343509, -0.644704733878549, 1.5400119451278727, 1.4024274014368268, -0.9369730539993251, 1.8240429436955132], [-0.051666427402936366, -4.644380318069375, 1.4024274014368268, 4.704274087467129, -3.526395984602845, 7.0720381389824265], [0.1492509829558002, 3.581036638534849, -0.9369730539993251, -3.526395984602845, 2.6655074252838498, -5.348090881508615], [-0.3332180461744425, -7.209266388360124, 1.8240429436955132, 7.0720381389824265, -5.348090881508615, 10.749296998829493]], "joints_tracked_reference": [0], "joints_tracked": [15, 16], "joints_trigger_reference": [9], "joints_trigger": [4, 8, 12, 16, 20], "par_trigger_dist": 0.025, "par_trigger_length": 15, "time_gest": 4.003098726272583, "time_classifier": 0.0}], "I": [{"answer_predict": "I", "data_pose_track": [[0.0, 0.0, 0.0, 0.0, 0.0, 0.0], [0.0, 0.0, 0.0, 0.0, 0.0, 0.0], [0.0, 0.0, 0.0, 0.0, 0.0, 0.0], [0.0, 0.0, 0.0, 0.0, 0.0, 0.0], [0.0, 0.0, 0.0, 0.0, 0.0, 0.0], [0.0, 0.0, 0.0, 0.0, 0.0, 0.0], [0.0, 0.0, 0.0, 0.0, 0.0, 0.0], [0.0, 0.0, 0.0, 0.0, 0.0, 0.0], [0.0, 0.0, 0.0, 0.0, 0.0, 0.0], [0.0, 0.0, 0.0, 0.0, 0.0, 0.0], [0.0, 0.0, 0.0, 0.0, 0.0, 0.0], [0.0, 0.0, 0.0, 0.0, 0.0, 0.0], [0.3913028836250305, 0.35419635474681854, -0.578156590461731, -0.32455962896347046, 0.6038532704114914, -0.45855259895324707], [0.40549156069755554, 0.3572966158390045, -0.4975486993789673, -0.3273923248052597, 0.5264254510402679, -0.5048655271530151], [0.3923512101173401, 0.3585902750492096, -0.5975959300994873, -0.3329172879457474, 0.5116990506649017, -0.5428968667984009], [0.3911660313606262, 0.35345233976840973, -0.6216305494308472, -0.33715546131134033, 0.5119358450174332, -0.5628702640533447], [0.39475059509277344, 0.3469782918691635, -0.5909174680709839, -0.34778420627117157, 0.5019792765378952, -0.560613751411438], [0.39101988077163696, 0.3461306393146515, -0.6629719734191895, -0.3473108857870102, 0.5078939497470856, -0.5700399875640869], [0.38186150789260864, 0.35179562866687775, -0.6773375272750854, -0.35860076546669006, 0.5134374648332596, -0.5609545707702637], [0.38438302278518677, 0.3505808115005493, -0.7181714773178101, -0.37551654875278473, 0.5406416058540344, -0.49095070362091064], [0.42990726232528687, 0.33677883446216583, -0.5169665813446045, -0.3838169723749161, 0.6516916304826736, -0.48601627349853516], [0.45167627930641174, 0.33820079267024994, -0.5853359699249268, -0.35981476306915283, 0.7038306444883347, -0.29428744316101074], [0.4561961889266968, 0.33523403108119965, -0.44222021102905273, -0.35498298704624176, 0.7108574956655502, -0.28683745861053467], [0.4636320173740387, 0.33098529279232025, -0.5015292167663574, -0.3459768444299698, 0.7178621739149094, -0.2269827127456665], [0.4672158658504486, 0.3294583261013031, -0.636719822883606, -0.33585788309574127, 0.7188883721828461, -0.37310242652893066], [0.4306401312351227, 0.3390922099351883, -0.8603614568710327, -0.3375636786222458, 0.7025207430124283, -0.6923835277557373], [0.34064197540283203, 0.33000391721725464, -0.11507010459899902, -0.4902164489030838, 0.4953787326812744, -0.31865864992141724], [0.3148971199989319, 0.3342820107936859, -0.12644356489181519, -0.536114975810051, 0.4100060760974884, -0.08563476800918579], [0.2846052646636963, 0.33336055278778076, -0.07114505767822266, -0.5310585498809814, 0.4050487279891968, 0.0473177433013916], [0.27859562635421753, 0.33228375017642975, -0.12141382694244385, -0.5109498500823975, 0.40917427837848663, 0.07520949840545654], [0.2698392868041992, 0.32242633402347565, -0.3388030529022217, -0.5123302340507507, 0.41077251732349396, -0.0028450489044189453], [0.2687110900878906, 0.3225603252649307, -0.2096489667892456, -0.5064128041267395, 0.4113059788942337, 0.01402270793914795], [0.2770500183105469, 0.32120200991630554, -0.2872668504714966, -0.500407949090004, 0.4082167446613312, -0.006386160850524902]], "data_reduce_dim": [[3.038016135920736, 2.675517192197186, -3.8821353943353074, -3.0710550377551113, 4.406582770405544, -2.81475965894219], [2.675517192197186, 2.4201215225027406, -3.3423956637005254, -2.855828689554364, 3.8627843447186505, -2.381380939436422], [-3.8821353943353074, -3.3423956637005254, 5.581528240845348, 3.5987443086223623, -5.619887275423729, 4.164693613980287], [-3.0710550377551113, -2.855828689554364, 3.5987443086223623, 3.5376317696222674, -4.4419227817781675, 2.4310372442244645], [4.406582770405544, 3.8627843447186505, -5.619887275423729, -4.4419227817781675, 6.432128226605223, -4.019378238154356], [-2.81475965894219, -2.381380939436422, 4.164693613980287, 2.4310372442244645, -4.019378238154356, 3.463887385076184]], "joints_tracked_reference": [0], "joints_tracked": [15, 16], "joints_trigger_re