{"F": [{"answer_predict": "F", "data_pose_track": [[0.0, 0.0, 0.0, 0.0, 0.0, 0.0], [0.4167848229408264, 0.6379280984401703, 0.6641656458377838, -0.2896912097930908, 0.6327076852321625, -0.10240787267684937], [0.4156707227230072, 0.6345932483673096, 0.5909639596939087, -0.29167284071445465, 0.6298520565032959, -0.14822477102279663], [0.4156448543071747, 0.6347600370645523, 0.7296387031674385, -0.29153910279273987, 0.634036973118782, 0.02188950777053833], [0.4135203957557678, 0.6349035650491714, 0.713613972067833, -0.28943300247192383, 0.6294472962617874, -0.027466535568237305], [0.41801488399505615, 0.6358603984117508, 0.7080025672912598, -0.2942980006337166, 0.6351204067468643, 0.08319675922393799], [0.3543466627597809, 0.6057498753070831, 0.48364245891571045, -0.2822616994380951, 0.6254335343837738, -0.09024965763092041], [0.2928988039493561, 0.5764691531658173, 0.3926011621952057, -0.2627388834953308, 0.6220473349094391, 0.05372887849807739], [0.15982583165168762, 0.44258029758930206, -0.4693984389305115, -0.2596298009157181, 0.6222428232431412, -0.22257107496261597], [0.09296509623527527, 0.4068990647792816, -0.40530604124069214, -0.256328247487545, 0.6186722218990326, -0.22911864519119263], [0.0018869638442993164, 0.3491447865962982, -0.5202624201774597, -0.1823713183403015, 0.6673196852207184, 0.14207088947296143], [-0.053735554218292236, 0.32079046964645386, -0.6139882206916809, -0.20187553763389587, 0.6232947707176208, 0.01994234323501587], [-0.07619038224220276, 0.31983108818531036, -0.697756290435791, -0.2297259271144867, 0.4339236468076706, -0.4460318088531494], [-0.09954530000686646, 0.3015529066324234, -0.7531027495861053, -0.2270755171775818, 0.5122973173856735, -0.03663948178291321], [-0.1061016321182251, 0.2962293177843094, -0.6970914602279663, -0.22280758619308472, 0.5400394052267075, -0.09933125972747803], [-0.104489266872406, 0.2951802909374237, -0.7356675267219543, -0.21501374244689941, 0.5524589717388153, -0.06346631050109863], [-0.10567343235015869, 0.2928877919912338, -0.6851986944675446, -0.22053159773349762, 0.47499488294124603, -0.4174765646457672], [-0.10346424579620361, 0.2947397083044052, -0.7213666141033173, -0.2224465012550354, 0.45227061212062836, -0.35994085669517517], [-0.10386350750923157, 0.2953963130712509, -0.6971380710601807, -0.22342374920845032, 0.35928137600421906, -0.6702203750610352], [-0.10034489631652832, 0.29679520428180695, -0.6907044053077698, -0.2225542664527893, 0.40325115621089935, -0.5685493350028992], [-0.0959416925907135, 0.2965741902589798, -0.7067513465881348, -0.22111102938652039, 0.4355284124612808, -0.42947298288345337]], "data_reduce_dim": [[1.203240150565425, 1.5302948234678184, 2.257987963072372, -0.6383734421379856, 1.4277394035099573, 0.15832971040759425], [1.5302948234678184, 4.109571182708197, 0.02538553701923396, -2.1951299706317493, 4.950504334413797, -1.193781593868032], [2.257987963072372, 0.02538553701923396, 8.287157063959185, 0.6346497236176176, -1.5320895458501576, 2.152205654797608], [-0.6383734421379856, -2.1951299706317493, 0.6346497236176176, 1.2268668039565649, -2.7553801157100075, 0.8378554170577859], [1.4277394035099573, 4.950504334413797, -1.5320895458501576, -2.7553801157100075, 6.339620909576323, -1.6239759868296164], [0.15832971040759425, -1.193781593868032, 2.152205654797608, 0.8378554170577859, -1.6239759868296164, 1.64917642247834]], "joints_tracked_reference": [0], "joints_tracked": [15, 16], "joints_trigger_reference": [9], "joints_trigger": [4, 8, 12, 16, 20], "par_trigger_dist": 0.025, "par_trigger_length": 15, "time_gest": 4.010779142379761, "time_classifier": 0.0}, {"answer_predict": "F", "data_pose_track": [[0.42290928959846497, 0.6373053342103958, 0.7287009954452515, -0.31385932117700577, 0.6316879540681839, 0.002888798713684082], [0.427770733833313, 0.6388245522975922, 0.66900235414505, -0.31547218561172485, 0.6299569308757782, -0.07340997457504272], [0.42494550347328186, 0.6389277279376984, 0.6633490025997162, -0.31203384697437286, 0.6302885711193085, -0.06809324026107788], [0.4283982515335083, 0.6395281553268433, 0.6656193137168884, -0.3111327216029167, 0.6297581791877747, -0.12652087211608887], [0.36533477902412415, 0.6303359419107437, 0.46661269664764404, -0.2982989177107811, 0.625233069062233, -0.3040754199028015], [0.30216437578201294, 0.6031053811311722, 0.22631889581680298, -0.2691848799586296, 0.6144334226846695, -0.15776443481445312], [0.09610617160797119, 0.43726682662963867, -0.33302050828933716, -0.26137638837099075, 0.6081934571266174, -0.0027667880058288574], [-0.028647512197494507, 0.3424416780471802, -0.5140754580497742, -0.2640312910079956, 0.619051992893219, 0.022855937480926514], [-0.07445022463798523, 0.31979280710220337, -0.6248756647109985, -0.25397229939699173, 0.5211159288883209, -0.4454115629196167], [-0.11590377986431122, 0.2808949202299118, -0.6253502368927002, -0.2675139382481575, 0.4118410795927048, -0.7503068447113037], [-0.12267114222049713, 0.2702239751815796, -0.6448607444763184, -0.2713691219687462, 0.45759695768356323, -0.6257966756820679], [-0.11702483892440796, 0.27064818143844604, -0.6856808662414551, -0.2594491019845009, 0.44084298610687256, -0.6480399370193481], [-0.11314176023006439, 0.2725560665130615, -0.6379901170730591, -0.244315467774868, 0.454166442155838, -0.6425892114639282], [-0.11098133027553558, 0.2753356248140335, -0.636938750743866, -0.24334155023097992, 0.46481339633464813, -0.6348033547401428], [-0.10915006697177887, 0.2784084379673004, -0.6235755681991577, -0.2419152855873108, 0.47753065824508667, -0.6172376871109009], [-0.1090385764837265, 0.2811264842748642, -0.6780904531478882, -0.24694741517305374, 0.5216293185949326, -0.5211113691329956], [-0.11193424463272095, 0.2805895507335663, -0.6733837127685547, -0.2542981207370758, 0.5308700501918793, -0.48524487018585205], [-0.11198084056377411, 0.28026527166366577, -0.7239848971366882, -0.2514159753918648, 0.5322614908218384, -0.48430055379867554], [-0.11267192661762238, 0.2808515578508377, -0.6726680397987366, -0.25353872776031494, 0.5586220473051071, -0.44285857677459717], [-0.11246782541275024, 0.2823920398950577, -0.673066258430481, -0.25865624845027924, 0.5557070821523666, -0.5492845773696899]], "data_reduce_dim": [[1.1078272623540224, 1.163190327779616, 2.25412767684095, -0.4056215006614855, 0.8783540667655334, 0.48729963167384227], [1.163190327779616, 3.650990566529031, -0.3694103917961673, -2.2113251727114003, 4.521680223928748, -2.367015836007461], [2.25412767684095, -0.3694103917961673, 7.717786042165877, 1.1747765234125507, -2.281410519012912, 4.128157619796044], [-0.4056215006614855, -2.2113251727114003, 1.1747765234125507, 1.4661662786793115, -2.9675930754365014, 1.9515112752000472], [0.8783540667655334, 4.521680223928748, -2.281410519012912, -2.9675930754365014, 6.06466191009727, -3.7762613282712056], [0.48729963167384227, -2.367015836007461, 4.128157619796044, 1.9515112752000472, -3.7762613282712056, 4.1531346694399325]], "joints_tracked_reference": [0], "joints_tracked": [15, 16], "joints_trigger_reference": [9], "joints_trigger": [4, 8, 12, 16, 20], "par_trigger_dist": 0.025, "par_trigger_length": 15, "time_gest": 4.011084794998169, "time_classifier": 0.0}, {"answer_predict": "F", "data_pose_track": [[0.4233567714691162, 0.6330546289682388, 0.6890167593955994, -0.3453090414404869, 0.6010526567697525, -0.007322192192077637], [0.4233420789241791, 0.6333258301019669, 0.746819406747818, -0.34302912652492523, 0.5982183963060379, -0.12175333499908447], [0.4230521023273468, 0.6353259831666946, 0.7447091639041901, -0.3387782871723175, 0.5974308997392654, -0.17513859272003174], [0.423598974943161, 0.6384284496307373, 0.6879644989967346, -0.3375515341758728, 0.6021331548690796, -0.20159697532653809], [0.4234236478805542, 0.6351094841957092, 0.610753744840622, -0.33541741222143173, 0.6020333766937256, -0.24930095672607422], [0.31912440061569214, 0.6110684424638748, 0.0435408353805542, -0.30416592210531235, 0.5958874970674515, -0.5289590358734131], [0.31912440061569214, 0.6110684424638748, 0.0435408353805542, -0.30416592210531235, 0.5958874970674515, -0.5289590358734131], [-0.08505517244338989, 0.31153078377246857, -0.37605077028274536, -0.30629419535398483, 0.608687236905098, -0.26765185594558716], [-0.15537932515144348, 0.27910973131656647, -0.40753602981567383, -0.28435011208057404, 0.6132743805646896, -0.20826077461242676], [-0.14314481616020203, 0.2790289521217346, -0.44824182987213135, -0.26720690727233887, 0.6181734204292297, -0.052175700664520264], [-0.13699808716773987, 0.2858092784881592, -0.3568883240222931, -0.26753996312618256, 0.6233858466148376, -0.053181588649749756], [-0.12941643595695496, 0.289193332195282, -0.3736068308353424, -0.26138776540756226, 0.6254278719425201, -0.061537712812423706], [-0.12830960750579834, 0.2904602885246277, -0.36813846230506897, -0.2558286339044571, 0.6264609694480896, -0.05987510085105896], [-0.12399834394454956, 0.2904323488473892, -0.3754476010799408, -0.252564013004303, 0.6238183826208115, -0.023610413074493408], [-0.12630879878997803, 0.28450582921504974, -0.39408257603645325, -0.24668103456497192, 0.6229575723409653, -0.03342235088348389], [-0.12202534079551697, 0.2888322025537491, -0.4295312166213989, -0.24497176706790924, 0.6177798360586166, -0.046067893505096436], [-0.12178665399551392, 0.29025115072727203, -0.43696457147598267, -0.24661457538604736, 0.5990688055753708, 0.03927338123321533], [-0.11904963850975037, 0.2891211360692978, -0.4224522113800049, -0.24824969470500946, 0.594785138964653, -0.003952085971832275], [-0.11964362859725952, 0.28624095022678375, -0.406602144241333, -0.2464834302663803, 0.5933066457509995, 0.02553457021713257], [-0.12071418762207031, 0.28364038467407227, -0.4040173888206482, -0.24281273782253265, 0.5923996269702911, 0.06906551122665405]], "data_reduce_dim": [[1.3077860011402729, 1.2651634923629334, 2.1543519977084813, -0.49132542621199793, 0.6507968077097641, -0.5747081055630892], [1.2651634923629334, 3.8447019024961735, 0.7645009721193885, -2.4241237301865217, 4.928796131668125, -1.3254859843933877], [2.1543519977084813, 0.7645009721193885, 4.526798065748512, 0.136409886500662, -1.0417307596699343, -0.3024453101244031], [-0.49132542621199793, -2.4241237301865217, 0.136409886500662, 1.6413879228301174, -3.4474026150483854, 0.7715754661070742], [0.6507968077097641, 4.928796131668125, -1.0417307596699343, -3.4474026150483854, 7.386673172524854, -1.5025536511206532], [-0.5747081055630892, -1.3254859843933877, -0.3024453101244031, 0.7715754661070742, -1.5025536511206532, 0.8466480481663101]], "joints_tracked_reference": [0], "joints_tracked": [15, 16], "joints_trigger_reference": [9], "joints_trigger": [4, 8, 12, 16, 20], "par_trigger_dist": 0.025, "par_trigger_length": 15, "time_gest": 4.035473346710205, "time_classifier": 0.0}, {"answer_predict": "F", "data_pose_track": [[0.4675167202949524, 0.6495591849088669, 0.954431563615799, -0.31139760464429855, 0.6189347952604294, 0.05562460422515869], [0.4676988124847412, 0.6496097594499588, 1.0300932973623276, -0.3096209615468979, 0.622168555855751, 0.09118795394897461], [0.4676257073879242, 0.6503548920154572, 0.8003133833408356, -0.31552600860595703, 0.6169027388095856, -0.044592976570129395], [0.4678002595901489, 0.6509260982275009, 0.8891630470752716, -0.3151860609650612, 0.6227882951498032, 0.06603419780731201], [0.45463797450065613, 0.6423393040895462, 0.9282104223966599, -0.3125932365655899, 0.6187513619661331, -0.01158440113067627], [0.2528367340564728, 0.6037391722202301, 0.066764235496521, -0.2975711300969124, 0.6127855479717255, -0.3575599789619446], [0.11516177654266357, 0.45563629269599915, -0.5279854536056519, -0.28937846422195435, 0.6061320602893829, -0.26268839836120605], [-0.018227577209472656, 0.32874399423599243, -0.5796964168548584, -0.28545206785202026, 0.6073850989341736, 0.22348108887672424], [-0.08672153949737549, 0.28068165481090546, -0.6131240725517273, -0.3118293061852455, 0.5357459336519241, -0.24762314558029175], [-0.11079049110412598, 0.2646711766719818, -0.7199351191520691, -0.3074022904038429, 0.5341347455978394, -0.25769323110580444], [-0.14159350097179413, 0.23853839933872223, -0.6435828804969788, -0.30621085315942764, 0.5425547808408737, -0.1013181209564209], [-0.14962001144886017, 0.24251051247119904, -0.5780887603759766, -0.30440255999565125, 0.5551125258207321, -0.208701491355896], [-0.15022936463356018, 0.24169817566871643, -0.5749489367008209, -0.3001732602715492, 0.5678868293762207, -0.23845192790031433], [-0.15067137777805328, 0.24437278509140015, -0.6719233393669128, -0.2959660366177559, 0.5761275589466095, -0.216535747051239], [-0.15203315019607544, 0.23665352165699005, -0.5766025185585022, -0.2727469205856323, 0.5906397551298141, -0.2562336325645447], [-0.14904743432998657, 0.23096446692943573, -0.5788969993591309, -0.2564046233892441, 0.584062859416008, -0.3071185350418091], [-0.14364978671073914, 0.2341465801000595, -0.5599780082702637, -0.2623668611049652, 0.5862294584512711, -0.30907976627349854], [-0.14070743322372437, 0.2380802482366562, -0.5736721158027649, -0.2630414664745331, 0.5882277339696884, -0.31224489212036133], [-0.13779672980308533, 0.24042271077632904, -0.637925773859024, -0.2600029557943344, 0.5895579308271408, -0.3403388559818268], [-0.14252860844135284, 0.24313443899154663, -0.6684567332267761, -0.2617921829223633, 0.5908123850822449, -0.3532969355583191]], "data_reduce_dim": [[1.3916076834804771, 1.3051105757784573, 3.1232792319989895, -0.3636465552548094, 0.7082330012329656, 0.3830582413535346], [1.3051105757784573, 3.503818800905382, 0.7805110169578424, -2.2545209436534046, 4.527263075361465, -0.9292280713783492], [3.1232792319989895, 0.7805110169578424, 9.47270433354922, 0.9606973799100709, -1.9899384642470852, 2.0813757542241955], [-0.3636465552548094, -2.2545209436534046, 0.9606973799100709, 1.7133760617668876, -3.4355518873550777, 0.9494344861033401], [0.7082330012329656, 4.527263075361465, -1.9899384642470852, -3.4355518873550777, 6.938837421858449, -1.951240262997446], [0.3830582413535346, -0.9292280713783492, 2.0813757542241955, 0.9494344861033401, -1.951240262997446, 1.143636371551831]], "joints_tracked_reference": [0], "joints_tracked": [15, 16], "joints_trigger_reference": [9], "joints_trigger": [4, 8, 12, 16, 20], "par_trigger_dist": 0.025, "par_trigger_length": 15, "time_gest": 4.0051586627960205, "time_classifier": 0.0}, {"answer_predict": "F", "data_pose_track": [[0.4657653570175171, 0.6695232540369034, 1.0763495154678822, -0.30229195952415466, 0.6041739732027054, 0.01548457145690918], [0.46466219425201416, 0.6688075810670853, 1.0405627135187387, -0.30189450830221176, 0.5994863659143448, -0.015592336654663086], [0.46434277296066284, 0.6684976071119308, 1.0091534964740276, -0.3017107918858528, 0.6000854820013046, -0.01478564739227295], [0.46372488141059875, 0.6688080281019211, 0.9961251392960548, -0.30194544792175293, 0.5991023629903793, -0.05648922920227051], [0.4558580815792084, 0.6597502380609512, 0.9881736412644386, -0.3045099973678589, 0.5971294790506363, 0.020621061325073242], [0.33222007751464844, 0.6095623075962067, -0.010436832904815674, -0.28559549897909164, 0.6045829355716705, -0.35632526874542236], [0.20052966475486755, 0.4969718009233475, -0.3149579167366028, -0.275586299598217, 0.6006105691194534, -0.33427828550338745], [-0.030354201793670654, 0.33312028646469116, -0.5283634066581726, -0.2868098169565201, 0.60896897315979, -0.28776735067367554], [-0.135044127702713, 0.2652863413095474, -0.5850699245929718, -0.2291804999113083, 0.25079570710659027, -0.6938749849796295], [-0.16221705079078674, 0.24315252900123596, -0.5444075763225555, -0.24558347463607788, 0.42631199955940247, -0.4838741719722748], [-0.1765504777431488, 0.24376504123210907, -0.5194571912288666, -0.26352934539318085, 0.4849257618188858, -0.39824286103248596], [-0.16903632879257202, 0.24490803480148315, -0.6243239343166351, -0.2749065160751343, 0.5293232202529907, -0.09980204701423645], [-0.1682787835597992, 0.24584417045116425, -0.5759880542755127, -0.2532382011413574, 0.5706867128610611, -0.0034563541412353516], [-0.17069688439369202, 0.24238979816436768, -0.4687469005584717, -0.26812344789505005, 0.6183286905288696, 0.11720851063728333], [-0.17107924818992615, 0.24306823313236237, -0.5491688847541809, -0.27359938621520996, 0.6218711882829666, 0.12710776925086975], [-0.17294135689735413, 0.24489597976207733, -0.48104944825172424, -0.27219532430171967, 0.6215742975473404, 0.06454089283943176], [-0.16922065615653992, 0.24487319588661194, -0.46200937032699585, -0.27103693783283234, 0.6164548397064209, -0.03692328929901123], [-0.17329490184783936, 0.25011204183101654, -0.47051724791526794, -0.2746018320322037, 0.6106937974691391, -0.09124931693077087], [-0.17207342386245728, 0.25455041229724884, -0.46825602650642395, -0.29005901515483856, 0.6076595336198807, -0.2671770751476288], [-0.17037034034729004, 0.25483715534210205, -0.4854475259780884, -0.28766828775405884, 0.6098451018333435, -0.07535886764526367]], "data_reduce_dim": [[1.561042300071331, 1.337587643169945, 3.3568881600865472, -0.3030242517793347, 0.5792550585280134, 0.08754799192883667], [1.337587643169945, 3.693951394006909, 1.5231140513931534, -2.210110152581027, 4.496499484930626, -0.9813783964807357], [3.3568881600865472, 1.5231140513931534, 8.87946321546901, 0.3545891247964219, -0.8236958998633606, 1.21712721387075], [-0.3030242517793347, -2.210110152581027, 0.3545891247964219, 1.5557973909925433, -3.1918338767653474, 0.7532705293367767], [0.5792550585280134, 4.496499484930626, -0.8236958998633606, -3.1918338767653474, 6.63228991690245, -1.3452170472340859], [0.08754799192883667, -0.9813783964807357, 1.21712721387075, 0.7532705293367767, -1.3452170472340859, 1.3308160296760514]], "joints_tracked_reference": [0], "joints_tracked": [15, 16], "joints_trigger_reference": [9], "joints_trigger": [4, 8, 12, 16, 20], "par_trigger_dist": 0.025, "par_trigger_length": 15, "time_gest": 4.036828994750977, "time_classifier": 0.0}, {"answer_predict": "F", "data_pose_track": [[0.4027943015098572, 0.6162237823009491, 0.8673917651176453, -0.33195067197084427, 0.6056716740131378, -0.025688529014587402], [0.40279749035835266, 0.6162310987710953, 0.8768605291843414, -0.33691220730543137, 0.6071954518556595, -0.028319597244262695], [0.4036623537540436, 0.6162355989217758, 0.8474628627300262, -0.33429519832134247, 0.607223317027092, -0.018018364906311035], [0.40107041597366333, 0.6162820309400558, 0.7871308922767639, -0.32507388293743134, 0.6062878221273422, -0.06414687633514404], [0.3559644818305969, 0.6179388910531998, 0.3500030040740967, -0.3117217347025871, 0.6098572164773941, -0.19468730688095093], [0.26753392815589905, 0.5695364475250244, 0.03659766912460327, -0.30070601403713226, 0.6101391911506653, -0.08785116672515869], [0.02374368906021118, 0.3690471053123474, -0.5678820610046387, -0.26930514723062515, 0.6189097166061401, -0.07675820589065552], [-0.10310319066047668, 0.26678386330604553, -0.6196806728839874, -0.24670274555683136, 0.3321080207824707, -0.6562062799930573], [-0.14029407501220703, 0.236576110124588, -0.7517738044261932, -0.24976129829883575, 0.3485385477542877, -0.5943920314311981], [-0.15395304560661316, 0.23478610813617706, -0.6548508405685425, -0.2348765730857849, 0.44417013227939606, -0.3524261713027954], [-0.14372208714485168, 0.23256400227546692, -0.5094922780990601, -0.23478883504867554, 0.5399377644062042, -0.08100783824920654], [-0.14242294430732727, 0.23284825682640076, -0.49991536140441895, -0.22589702904224396, 0.584637314081192, 0.0647265613079071], [-0.13867270946502686, 0.23568075895309448, -0.48626425862312317, -0.22804711759090424, 0.5916746556758881, 0.08653193712234497], [-0.1346050202846527, 0.23944294452667236, -0.5652201473712921, -0.2340700775384903, 0.5868681967258453, 0.15033552050590515], [-0.1327315866947174, 0.2432299107313156, -0.5392628610134125, -0.23677028715610504, 0.5841408222913742, 0.04221320152282715], [-0.13396918773651123, 0.24288354814052582, -0.5440472960472107, -0.239070862531662, 0.5879686325788498, -0.12222760915756226], [-0.13269174098968506, 0.24386097490787506, -0.5292126536369324, -0.2404639571905136, 0.5773283392190933, -0.18666905164718628], [-0.13028660416603088, 0.24350029230117798, -0.5228031873703003, -0.23741216957569122, 0.5795605182647705, 0.07918840646743774], [-0.12576478719711304, 0.24568438529968262, -0.538158118724823, -0.2315748780965805, 0.5750890076160431, 0.23879334330558777], [-0.12317058444023132, 0.24715298414230347, -0.49969324469566345, -0.2320604920387268, 0.5557073354721069, -0.03359916806221008]], "data_reduce_dim": [[1.08057680997043, 0.9548589812656925, 2.4514001395054326, -0.32285512102794445, 0.44920689378344747, 0.025440391624822922], [0.9548589812656925, 3.123246637556605, 0.35259925800980474, -2.0251877848799458, 4.110442893772625, -0.6236852337600549], [2.4514001395054326, 0.35259925800980474, 7.42826344019813, 0.6301915956466793, -1.8421360457027052, 0.8148973364212768], [-0.32285512102794445, -2.0251877848799458, 0.6301915956466793, 1.4274882066354555, -2.9678330551927377, 0.4931295643954825], [0.44920689378344747, 4.110442893772625, -1.8421360457027052, -2.9678330551927377, 6.351627216066696, -0.7409613892092084], [0.025440391624822922, -0.6236852337600549, 0.8148973364212768, 0.4931295643954825, -0.7409613892092084, 1.122356144356834]], "joints_tracked_reference": [0], "joints_tracked": [15, 16], "joints_trigger_reference": [9], "joints_trigger": [4, 8, 12, 16, 20], "par_trigger_dist": 0.025, "par_trigger_length": 15, "time_gest": 4.029987335205078, "time_classifier": 0.0}, {"answer_predict": "F", "data_pose_track": [[0.42144057154655457, 0.6294174343347549, 0.7370620965957642, -0.3242107033729553, 0.6124208122491837, -0.019379854202270508], [0.42191386222839355, 0.628944993019104, 0.6642685234546661, -0.3226454257965088, 0.6128662824630737, -0.10829567909240723], [0.42209163308143616, 0.6292711198329926, 0.6487764716148376, -0.3200460597872734, 0.6161293089389801, -0.07476234436035156], [0.4243086278438568, 0.6290991455316544, 0.7248550057411194, -0.3146572560071945, 0.615185096859932, -0.09213900566101074], [0.41890957951545715, 0.6288032680749893, 0.6263595819473267, -0.3073776215314865, 0.6092457920312881, -0.08653604984283447], [0.34461963176727295, 0.6141922622919083, 0.09877759218215942, -0.28892746567726135, 0.6100156456232071, -0.3280889391899109], [0.34461963176727295, 0.6141922622919083, 0.09877759218215942, -0.28892746567726135, 0.6100156456232071, -0.3280889391899109], [0.016231119632720947, 0.35422220826148987, -0.5157913565635681, -0.267303429543972, 0.6136013567447662, -0.25473588705062866], [-0.04793831706047058, 0.30987177789211273, -0.44843590259552, -0.24621985852718353, 0.5629073828458786, -0.2858404517173767], [-0.10404598712921143, 0.27263636887073517, -0.4286947250366211, -0.24100564420223236, 0.5849704593420029, -0.05877953767776489], [-0.1315498650074005, 0.2420356422662735, -0.3822895884513855, -0.24023161828517914, 0.5959787517786026, -0.07889735698699951], [-0.13560718297958374, 0.24107585847377777, -0.4172062575817108, -0.24358555674552917, 0.6079809814691544, -0.12101593613624573], [-0.14243966341018677, 0.24484765529632568, -0.37250545620918274, -0.23711459338665009, 0.6156531274318695, 0.019100964069366455], [-0.13854938745498657, 0.24958164989948273, -0.3302219808101654, -0.2409002184867859, 0.6234160810709, 0.009983718395233154], [-0.13670194149017334, 0.2437979280948639, -0.2841093838214874, -0.2398301064968109, 0.6318762898445129, 0.012089192867279053], [-0.1391611099243164, 0.24802276492118835, -0.28266793489456177, -0.2415517121553421, 0.6360433399677277, -0.05462828278541565], [-0.13845574855804443, 0.24425840377807617, -0.2899240553379059, -0.23727378249168396, 0.6364038586616516, -0.04070448875427246], [-0.13505181670188904, 0.2466692328453064, -0.32445037364959717, -0.2416573464870453, 0.6338104009628296, 0.05973243713378906], [-0.13214901089668274, 0.25164373219013214, -0.2778516113758087, -0.23682014644145966, 0.6341905444860458, 0.031405091285705566], [-0.1329219937324524, 0.250390961766243, -0.3168080747127533, -0.23820948600769043, 0.6347269862890244, 0.022232145071029663], [-0.1394045650959015, 0.25021395087242126, -0.3020441234111786, -0.2354307919740677, 0.6323256194591522, 0.02033117413520813]], "data_reduce_dim": [[1.345427475429351, 1.342050469662806, 2.049242876579795, -0.4772753842542026, 0.6957005442804007, -0.354945207406856], [1.342050469662806, 3.698196308047814, 0.940850398787461, -2.2403610962325833, 4.926827017559369, -0.8659410053698275], [2.049242876579795, 0.940850398787461, 4.180349990980102, 0.07032320052378305, -0.8478604396698008, 0.01699478334267024], [-0.4772753842542026, -2.2403610962325833, 0.07032320052378305, 1.4923689748260072, -3.417454025424757, 0.49246534549453047], [0.6957005442804007, 4.926827017559369, -0.8478604396698008, -3.417454025424757, 7.967676640461226, -1.0564594023081915], [-0.354945207406856, -0.8659410053698275, 0.01699478334267024, 0.49246534549453047, -1.0564594023081915, 0.4305891925460763]], "joints_tracked_reference": [0], "joints_tracked": [15, 16], "joints_trigger_reference": [9], "joints_trigger": [4, 8, 12, 16, 20], "par_trigger_dist": 0.025, "par_trigger_length": 15, "time_gest": 4.204771518707275, "time_classifier": 0.0}, {"answer_predict": "F", "data_pose_track": [[0.4245983958244324, 0.6299940496683121, 0.5477629005908966, -0.3142907842993736, 0.6481749564409256, -0.06727802753448486], [0.436127632856369, 0.6313845068216324, 0.6146734058856964, -0.3255321830511093, 0.6523450762033463, -0.06658625602722168], [0.3632798492908478, 0.6103257685899734, -0.038665771484375, -0.2979159951210022, 0.6450556665658951, -0.40977323055267334], [0.25887900590896606, 0.5032304674386978, -0.5385440587997437, -0.2911987453699112, 0.6352139860391617, -0.2311333417892456], [0.14823856949806213, 0.3973294198513031, -0.4464337229728699, -0.28839709609746933, 0.6267834603786469, -0.08286923170089722], [-0.013129055500030518, 0.30659669637680054, -0.5555333495140076, -0.3030288890004158, 0.626725047826767, 0.22967562079429626], [-0.10997399687767029, 0.2581695169210434, -0.6855671405792236, -0.25813591480255127, 0.358099564909935, -0.3948354721069336], [-0.15001019835472107, 0.22431181371212006, -0.6477481722831726, -0.2444440722465515, 0.4326731115579605, -0.4404997229576111], [-0.15580713748931885, 0.2176753580570221, -0.6127303838729858, -0.25067122280597687, 0.27027982473373413, -0.6992939710617065], [-0.14594674110412598, 0.2302897572517395, -0.5534087419509888, -0.25549234449863434, 0.406196266412735, -0.5005269050598145], [-0.14285460114479065, 0.22988446056842804, -0.47172847390174866, -0.26547329127788544, 0.5166632384061813, -0.06538274884223938], [-0.13852280378341675, 0.2381768822669983, -0.4763738512992859, -0.24904750287532806, 0.5253727436065674, -0.14237701892852783], [-0.13302338123321533, 0.24283748865127563, -0.46087297797203064, -0.25251148641109467, 0.48985520005226135, -0.34845462441444397], [-0.12880054116249084, 0.24340933561325073, -0.47996366024017334, -0.23553456366062164, 0.48212605714797974, -0.2662780284881592], [-0.127855122089386, 0.24099639058113098, -0.45197516679763794, -0.23838461935520172, 0.5652063488960266, 0.0020633041858673096], [-0.1275109350681305, 0.24109198153018951, -0.46812063455581665, -0.2657115161418915, 0.5660651475191116, -0.16058552265167236], [-0.12415960431098938, 0.2433084100484848, -0.4816682040691376, -0.23741194605827332, 0.5083324164152145, -0.26961758732795715], [-0.12546533346176147, 0.2430090606212616, -0.4715302884578705, -0.2461361587047577, 0.576077401638031, -0.21152618527412415], [-0.12361940741539001, 0.2443583607673645, -0.4264028072357178, -0.2581271827220917, 0.5153392255306244, -0.3588295578956604], [-0.12193897366523743, 0.24624179303646088, -0.44206562638282776, -0.24640335142612457, 0.5289600342512131, -0.33455559611320496]], "data_reduce_dim": [[0.8395972018278952, 0.5081873786833899, 1.2366680069423648, -0.03338037121759263, 0.1556156501639654, 0.2849954746853465], [0.5081873786833899, 2.47312903228808, -1.6095084318708612, -1.7761110691374697, 3.5894048194951056, -1.405232453854715], [1.2366680069423648, -1.6095084318708612, 5.19582620563473, 1.878306614392477, -3.5968278722476845, 2.225249582259644], [-0.03338037121759263, -1.7761110691374697, 1.878306614392477, 1.43126023624706, -2.8498723792878584, 1.2361119124436601], [0.1556156501639654, 3.5894048194951056, -3.5968278722476845, -2.8498723792878584, 5.795297490944513, -2.2486741618783097], [0.2849954746853465, -1.405232453854715, 2.225249582259644, 1.2361119124436601, -2.2486741618783097, 1.980175050975876]], "joints_tracked_reference": [0], "joints_tracked": [15, 16], "joints_trigger_reference": [9], "joints_trigger": [4, 8, 12, 16, 20], "par_trigger_dist": 0.025, "par_trigger_length": 15, "time_gest": 4.086245775222778, "time_classifier": 0.0}, {"answer_predict": "F", "data_pose_track": [[0.4578701853752136, 0.6410789489746094, 0.9322391599416733, -0.310406431555748, 0.6296344995498657, -0.05383157730102539], [0.4525507390499115, 0.6415208131074905, 0.9472899287939072, -0.31044740229845047, 0.630561962723732, -0.044271230697631836], [0.45598283410072327, 0.6417419910430908, 0.7584734559059143, -0.3075055032968521, 0.6350181102752686, 0.07763713598251343], [0.3971206545829773, 0.6163780391216278, 0.6914630755782127, -0.2864086255431175, 0.6300004422664642, -0.05306422710418701], [0.24295461177825928, 0.5479005426168442, -0.3116613030433655, -0.2686069756746292, 0.6309736222028732, -0.3124232292175293], [0.04539132118225098, 0.3576723784208298, -0.6135774254798889, -0.2507977783679962, 0.6379082053899765, -0.20452475547790527], [-0.017617017030715942, 0.3082915097475052, -0.6646798253059387, -0.2398148849606514, 0.589104637503624, 0.1427672803401947], [-0.09045585989952087, 0.27561546862125397, -0.6419830024242401, -0.24669421464204788, 0.2542150169610977, -0.7565719783306122], [-0.10900795459747314, 0.253346785902977, -0.6567903757095337, -0.2238139659166336, 0.3016778975725174, -0.6411728858947754], [-0.12392528355121613, 0.24009060859680176, -0.5501780807971954, -0.22585371136665344, 0.4005393981933594, -0.5162934958934784], [-0.12325465679168701, 0.24055159091949463, -0.5828662514686584, -0.2105623483657837, 0.4383469820022583, -0.23920392990112305], [-0.11822646856307983, 0.2411096692085266, -0.6037645041942596, -0.20677247643470764, 0.4925268590450287, -0.2016063630580902], [-0.11474621295928955, 0.2456636279821396, -0.6245825290679932, -0.21490032970905304, 0.49479512870311737, -0.1472988724708557], [-0.109078049659729, 0.24492435157299042, -0.5625579953193665, -0.21276724338531494, 0.45196421444416046, -0.2868124842643738], [-0.10825806856155396, 0.24588008224964142, -0.6104670166969299, -0.21640567481517792, 0.463941290974617, -0.2772236466407776], [-0.11058425903320312, 0.24453498423099518, -0.5980619192123413, -0.21132078766822815, 0.4315761774778366, -0.4363515377044678], [-0.11913299560546875, 0.24530883133411407, -0.5916094779968262, -0.20149335265159607, 0.4198770374059677, -0.4229029417037964], [-0.1420096755027771, 0.2512398213148117, -0.5502313673496246, -0.22759324312210083, 0.49311913549900055, -0.3378249704837799], [-0.15076225996017456, 0.2523561716079712, -0.5439361333847046, -0.204417884349823, 0.46547478437423706, -0.3875812292098999], [-0.1500769853591919, 0.2553625553846359, -0.5393003821372986, -0.19583791494369507, 0.36452896893024445, -0.48780137300491333]], "data_reduce_dim": [[1.034686974223627, 0.8748768966934946, 2.3020102808310408, -0.27269552825079857, 0.6185368701229295, 0.4940200721077459], [0.8748768966934946, 2.9440294258548594, -0.38397377392130405, -1.7802561291997623, 3.7156504771860197, -1.5394729308450716], [2.3020102808310408, -0.38397377392130405, 8.262107483856646, 1.0331179751824933, -2.0867761252714017, 3.103578464936276], [-0.27269552825079857, -1.7802561291997623, 1.0331179751824933, 1.166409033936943, -2.409959103745099, 1.2432987728657166], [0.6185368701229295, 3.7156504771860197, -2.0867761252714017, -2.409959103745099, 5.116697576965252, -2.3079682242669812], [0.4940200721077459, -1.5394729308450716, 3.103578464936276, 1.2432987728657166, -2.3079682242669812, 2.573804682567343]], "joints_tracked_reference": [0], "joints_tracked": [15, 16], "joints_trigger_reference": [9], "joints_trigger": [4, 8, 12, 16, 20], "par_trigger_dist": 0.025, "par_trigger_length": 15, "time_gest": 4.0327043533325195, "time_classifier": 0.0}, {"answer_predict": "F", "data_pose_track": [[0.4511440396308899, 0.6900987178087234, 0.8679063022136688, -0.318216010928154, 0.6218616515398026, 0.06209254264831543], [0.44328051805496216, 0.679388701915741, 0.9214693605899811, -0.31488409638404846, 0.6218013763427734, 0.13210821151733398], [0.3466974198818207, 0.6083419919013977, -0.0073923468589782715, -0.2756681889295578, 0.629538893699646, -0.3936097025871277], [0.27879685163497925, 0.4815967231988907, -0.43035995960235596, -0.2631593644618988, 0.6212693005800247, -0.31630468368530273], [0.22562453150749207, 0.45004674792289734, -0.5130706429481506, -0.2519860044121742, 0.6227991282939911, -0.06364256143569946], [0.07420265674591064, 0.3406650274991989, -0.5357049703598022, -0.24930225312709808, 0.6309824436903, -0.005838155746459961], [-0.02949512004852295, 0.30488966405391693, -0.6509608030319214, -0.25108449906110764, 0.638486847281456, 0.5659366026520729], [-0.07061678171157837, 0.28654736280441284, -0.7044239044189453, -0.24655317515134811, 0.5943056643009186, 0.027014315128326416], [-0.11368133127689362, 0.2579213082790375, -0.6352764368057251, -0.21886618435382843, 0.4831894636154175, -0.376845121383667], [-0.12952126562595367, 0.2314724624156952, -0.692855954170227, -0.20841147005558014, 0.354704886674881, -0.547592282295227], [-0.14012308418750763, 0.235692098736763, -0.704271674156189, -0.23307666182518005, 0.3650422841310501, -0.5494983196258545], [-0.13957829773426056, 0.24392744898796082, -0.6854329109191895, -0.23596514761447906, 0.414651095867157, -0.25118935108184814], [-0.13765160739421844, 0.2440163940191269, -0.6137370467185974, -0.23864619433879852, 0.45665059983730316, -0.24874067306518555], [-0.13301637768745422, 0.24406173825263977, -0.6589955985546112, -0.2374778836965561, 0.5267007946968079, -0.018707603216171265], [-0.13371708989143372, 0.2465866357088089, -0.6231146454811096, -0.21997979283332825, 0.5380969494581223, -0.12394881248474121], [-0.13283899426460266, 0.24800194799900055, -0.6389386653900146, -0.2122551053762436, 0.5386824756860733, -0.1666043996810913], [-0.13202866911888123, 0.2497583031654358, -0.6364888548851013, -0.21813972294330597, 0.519656628370285, -0.3422505259513855], [-0.1296481490135193, 0.24845194816589355, -0.7246114015579224, -0.22204823791980743, 0.586364358663559, 0.25365331768989563], [-0.12948104739189148, 0.24802565574645996, -0.7251395583152771, -0.22077521681785583, 0.5824540257453918, 0.01406782865524292], [-0.12860482931137085, 0.24783332645893097, -0.7146256566047668, -0.2243591547012329, 0.5915437191724777, 0.24242937564849854]], "data_reduce_dim": [[0.868752822364206, 0.667745239495142, 1.6513330398326502, -0.14807348772638895, 0.29173751195951425, 0.10909167786446083], [0.667745239495142, 2.7571024659805694, -1.776587500514062, -1.7337758491179578, 3.8606850138155036, -0.6202859289459767], [1.6513330398326502, -1.776587500514062, 8.68141796319798, 1.9540651352006626, -4.652763541018039, 1.340245357610554], [-0.14807348772638895, -1.7337758491179578, 1.9540651352006626, 1.1992418832977392, -2.6860417994382972, 0.4703416671173135], [0.29173751195951425, 3.8606850138155036, -4.652763541018039, -2.6860417994382972, 6.135718388322447, -0.827937034141145], [0.10909167786446083, -0.6202859289459767, 1.340245357610554, 0.4703416671173135, -0.827937034141145, 1.7540853969691663]], "joints_tracked_reference": [0], "joints_tracked": [15, 16], "joints_trigger_reference": [9], "joints_trigger": [4, 8, 12, 16, 20], "par_trigger_dist": 0.025, "par_trigger_length": 15, "time_gest": 4.0154547691345215, "time_classifier": 0.0}], "I": [{"answer_predict": "I", "data_pose_track": [[0.3608837425708771, 0.5725658535957336, 0.07422667741775513, -0.3228834718465805, 0.6836479902267456, -0.4405907690525055], [0.3593563437461853, 0.5721696317195892, 0.026354283094406128, -0.3240149989724159, 0.6830262839794159, -0.461826354265213], [0.35978376865386963, 0.5726093351840973, 0.02007913589477539, -0.33002160489559174, 0.6812352240085602, -0.4864034652709961], [0.3550011217594147, 0.5726306736469269, 0.003906309604644775, -0.33406010270118713, 0.6751923263072968, -0.5395337343215942], [0.3490658402442932, 0.5702695101499557, -0.03664621710777283, -0.3330515995621681, 0.6656885594129562, -0.48836642503738403], [0.3166521191596985, 0.5734013915061951, -0.07738924026489258, -0.38726916909217834, 0.6647650599479675, -0.10011762380599976], [0.2591921091079712, 0.5715122371912003, -0.18683859705924988, -0.47376740723848343, 0.6156126409769058, -0.04141739010810852], [0.21719294786453247, 0.5601170659065247, -0.2551038861274719, -0.5077727809548378, 0.5862514972686768, 0.11168244481086731], [0.19545459747314453, 0.5477169901132584, -0.19385087490081787, -0.5170849859714508, 0.5411412864923477, 0.1601771116256714], [0.19909298419952393, 0.5467687845230103, -0.2388315200805664, -0.5122291743755341, 0.5185072422027588, 0.11984989047050476], [0.18131959438323975, 0.5462141036987305, -0.13784638047218323, -0.5157420635223389, 0.5067197680473328, 0.14551442861557007], [0.182306170463562, 0.5411343425512314, -0.14022600650787354, -0.5181508958339691, 0.5010783523321152, 0.19468560814857483], [0.18581300973892212, 0.5445551425218582, -0.15455567836761475, -0.5196375697851181, 0.49358363449573517, 0.036971211433410645], [0.1743355393409729, 0.5451980531215668, -0.1366826295852661, -0.5216959565877914, 0.4955870807170868, 0.13366681337356567], [0.1760319471359253, 0.5455405712127686, -0.17106711864471436, -0.5211533755064011, 0.4994131326675415, 0.09831398725509644], [0.1693468689918518, 0.5510109215974808, -0.11670827865600586, -0.5190907567739487, 0.49676723778247833, 0.136783629655838], [0.17899680137634277, 0.5511945486068726, -0.16071179509162903, -0.5154320299625397, 0.4981698989868164, 0.057976871728897095], [0.1742480993270874, 0.5422879606485367, -0.21131238341331482, -0.5133495032787323, 0.4993022233247757, 0.035179853439331055], [0.16938889026641846, 0.5483359396457672, -0.11943188309669495, -0.5162760317325592, 0.4998427927494049, 0.14324894547462463], [0.17749851942062378, 0.5499414503574371, -0.12243598699569702, -0.51872418820858, 0.4999999701976776, 0.12817400693893433]], "data_reduce_dim": [[1.2424514555063926, 2.6547888506604487, -0.4422345082267043, -2.0616671332333336, 2.79868801516513, -0.6289386503416976], [2.6547888506604487, 6.19148548196958, -1.2838763588044446, -5.111659152164043, 6.307338153492377, -0.6408291546715552], [-0.4422345082267043, -1.2838763588044446, 0.43241501724192855, 1.2039539588899457, -1.2181244339853197, -0.2652085384458207], [-2.0616671332333336, -5.111659152164043, 1.2039539588899457, 4.385224779168191, -5.090976134523046, 0.07728435537803136], [2.79868801516513, 6.307338153492377, -1.2181244339853197, -5.090976134523046, 6.513858533157757, -0.9601836690805334], [-0.6289386503416976, -0.6408291546715552, -0.2652085384458207, 0.07728435537803136, -0.9601836690805334, 1.3860569645214733]], "joints_tracked_reference": [0], "joints_tracked": [15, 16], "joints_trigger_reference": [9], "joints_trigger": [4, 8, 12, 16, 20], "par_trigger_dist": 0.025, "par_trigger_length": 15, "time_gest": 4.008373975753784, "time_classifier": 0.0}, {"answer_predict": "I", "data_pose_track": [[0.3335147202014923, 0.5567142218351364, 0.12440641224384308, -0.3435802683234215, 0.7044756263494492, -0.30631500482559204], [0.33351051807403564, 0.5568166673183441, 0.17172595858573914, -0.343846894800663, 0.7039359509