{"F": [{"answer_predict": "F", "data_pose_track": [[0.0, 0.0, 0.0, 0.0, 0.0, 0.0], [0.0, 0.0, 0.0, 0.0, 0.0, 0.0], [0.35458803176879883, 0.6303102076053619, 0.3869475722312927, -0.365320086479187, 0.6184307634830475, -0.441253662109375], [0.3521304726600647, 0.6302387565374374, 0.4240936040878296, -0.36087292432785034, 0.6181537359952927, -0.4632803201675415], [0.35137462615966797, 0.6134748011827469, 0.1310570240020752, -0.35969236493110657, 0.6161345988512039, -0.4819004535675049], [0.35137462615966797, 0.6134748011827469, 0.1310570240020752, -0.35969236493110657, 0.6161345988512039, -0.4819004535675049], [0.3321043848991394, 0.587818369269371, -0.21152198314666748, -0.3421136438846588, 0.6151822060346603, -0.3187227249145508], [0.3172793984413147, 0.5785324275493622, -0.16107773780822754, -0.33940815925598145, 0.6139526665210724, -0.4355635643005371], [0.3259250521659851, 0.5748662799596786, -0.24617362022399902, -0.34556813538074493, 0.6132704466581345, -0.49832165241241455], [0.342475563287735, 0.5769096165895462, -0.014322400093078613, -0.34506621956825256, 0.6200704723596573, -0.3964924216270447], [0.3342666029930115, 0.5326007753610611, -0.207943856716156, -0.3567661643028259, 0.6209459453821182, -0.3728286623954773], [0.3342666029930115, 0.5326007753610611, -0.207943856716156, -0.3567661643028259, 0.6209459453821182, -0.3728286623954773], [-0.04078593850135803, 0.3253483921289444, -0.5697308778762817, -0.39246802031993866, 0.6335863023996353, 0.13717317581176758], [-0.1348770260810852, 0.3141418546438217, -0.6775673627853394, -0.3466506451368332, 0.5282165855169296, -0.4276301860809326], [-0.1519351601600647, 0.30817244946956635, -0.7994031310081482, -0.244890958070755, 0.3950759023427963, -0.8560956120491028], [-0.14896425604820251, 0.30731260776519775, -0.630963921546936, -0.23358973860740662, 0.35375213623046875, -0.8173744678497314], [-0.15596836805343628, 0.304984986782074, -0.7105721831321716, -0.2237892746925354, 0.3616877794265747, -0.8748624920845032], [-0.15839451551437378, 0.3028729259967804, -0.6634737253189087, -0.22138923406600952, 0.3693135976791382, -0.797263503074646], [-0.1534937024116516, 0.3048470914363861, -0.6218369603157043, -0.22818803787231445, 0.3486556112766266, -0.778481662273407], [-0.15278825163841248, 0.30377794802188873, -0.658843994140625, -0.23262956738471985, 0.3788105696439743, -0.8160929679870605], [-0.15419980883598328, 0.3040502369403839, -0.6431389451026917, -0.22916948795318604, 0.3864036202430725, -0.7444373965263367], [-0.15462002158164978, 0.3067150264978409, -0.5722101330757141, -0.22700875997543335, 0.38921333849430084, -0.6195188164710999]], "data_reduce_dim": [[1.3637357122760907, 1.5650242487351091, 0.962882765016861, -0.8542629463999556, 1.540533530207349, -0.42834098290922107], [1.5650242487351091, 4.4084771087735035, -1.9337213890306302, -2.872921593057802, 4.906790689767477, -4.527658962403007], [0.962882765016861, -1.9337213890306302, 4.909681765305791, 1.6567230804763735, -2.681709435770342, 4.344804912798583], [-0.8542629463999556, -2.872921593057802, 1.6567230804763735, 1.9458034199062817, -3.2984824272204207, 3.052973776170587], [1.540533530207349, 4.906790689767477, -2.681709435770342, -3.2984824272204207, 5.605670580377755, -5.117607704431076], [-0.42834098290922107, -4.527658962403007, 4.344804912798583, 3.052973776170587, -5.117607704431076, 7.062352749743653]], "joints_tracked_reference": [0], "joints_tracked": [15, 16], "joints_trigger_reference": [9], "joints_trigger": [4, 8, 12, 16, 20], "par_trigger_dist": 0.025, "par_trigger_length": 15, "time_gest": 4.030822992324829, "time_classifier": 0.0}, {"answer_predict": "F", "data_pose_track": [[0.45816338062286377, 0.6285670697689056, 0.3572978675365448, -0.3105100467801094, 0.6948818266391754, -0.059178709983825684], [0.45462676882743835, 0.627849891781807, 0.31279486417770386, -0.3156222105026245, 0.6915526539087296, -0.4918837547302246], [0.45278400182724, 0.6270213723182678, 0.270888090133667, -0.31854598224163055, 0.6774739623069763, -0.4337364435195923], [0.44849273562431335, 0.6264521777629852, 0.4109121263027191, -0.3169201612472534, 0.6656468212604523, -0.40031349658966064], [0.4517475664615631, 0.6280183345079422, 0.4235377311706543, -0.3219013884663582, 0.6526482254266739, -0.3763144016265869], [0.35972172021865845, 0.5905018895864487, 0.1584784984588623, -0.36100421845912933, 0.6469452828168869, -0.382837176322937], [0.027026116847991943, 0.4100845605134964, -0.6843684911727905, -0.41778362542390823, 0.6120350509881973, -0.3588067293167114], [-0.0904194712638855, 0.33255408704280853, -0.7463001012802124, -0.42031362652778625, 0.6340983957052231, -0.017031550407409668], [-0.14281165599822998, 0.30480147898197174, -1.1100364327430725, -0.42749834060668945, 0.6292112320661545, -0.13699358701705933], [-0.15517419576644897, 0.2979574352502823, -1.0120005011558533, -0.41351810842752457, 0.6040360778570175, -0.17415863275527954], [-0.15352919697761536, 0.2947005182504654, -0.9584581851959229, -0.371087983250618, 0.5573588758707047, -0.43613743782043457], [-0.15475529432296753, 0.2942157983779907, -0.9782453179359436, -0.34735873341560364, 0.5556579232215881, -0.19331437349319458], [-0.15288427472114563, 0.2945916950702667, -0.9372421503067017, -0.37229691445827484, 0.5835581719875336, -0.1958986520767212], [-0.15506049990653992, 0.28929154574871063, -1.0938127636909485, -0.394740492105484, 0.5910372585058212, 0.18074482679367065], [-0.14886939525604248, 0.2921174615621567, -0.9404322504997253, -0.39441293478012085, 0.5930897146463394, 0.026142358779907227], [-0.13996905088424683, 0.29165105521678925, -0.9922353625297546, -0.3844936490058899, 0.6139335483312607, 0.07414251565933228], [-0.1454046368598938, 0.29134659469127655, -0.8955385684967041, -0.39870215952396393, 0.6276104897260666, -0.08845412731170654], [-0.14140483736991882, 0.2897871285676956, -0.9374127388000488, -0.40306681394577026, 0.6283696740865707, -0.0068007707595825195], [-0.141734778881073, 0.28903645277023315, -0.9444272518157959, -0.40217916667461395, 0.6315092146396637, 0.0057353973388671875], [-0.13932472467422485, 0.28836457431316376, -1.0288540124893188, -0.4032946228981018, 0.6337803453207016, 0.3353559970855713]], "data_reduce_dim": [[1.4269433106791558, 1.0961940401804537, 2.656031320914061, -0.1259211292165585, 0.6566540391962117, -0.8451283287797171], [1.0961940401804537, 3.6282675955978583, -2.790025566642905, -2.8998466334712836, 5.091446399710839, -1.6685642824150602], [2.656031320914061, -2.790025566642905, 13.404495560666993, 4.631141434303468, -6.738928172553074, 0.139557602322828], [-0.1259211292165585, -2.8998466334712836, 4.631141434303468, 2.8388543718420527, -4.678889590430695, 1.0778596917760273], [0.6566540391962117, 5.091446399710839, -6.738928172553074, -4.678889590430695, 7.872248853464099, -1.9972657523976043], [-0.8451283287797171, -1.6685642824150602, 0.139557602322828, 1.0778596917760273, -1.9972657523976043, 1.485316337479393]], "joints_tracked_reference": [0], "joints_tracked": [15, 16], "joints_trigger_reference": [9], "joints_trigger": [4, 8, 12, 16, 20], "par_trigger_dist": 0.025, "par_trigger_length": 15, "time_gest": 4.083025932312012, "time_classifier": 0.0}, {"answer_predict": "F", "data_pose_track": [[0.4542372226715088, 0.6684346795082092, 0.5240513384342194, -0.3429213985800743, 0.6614307165145874, -0.4682999849319458], [0.4583395719528198, 0.6695650964975357, 0.5003732442855835, -0.3406606614589691, 0.6610798984766006, -0.3916054964065552], [0.45551952719688416, 0.6678608953952789, 0.5500180125236511, -0.3428929075598717, 0.6531755030155182, -0.32082223892211914], [0.4538337290287018, 0.6676344722509384, 0.4193500280380249, -0.34055978059768677, 0.6571270078420639, -0.4923786520957947], [0.44830429553985596, 0.6648003607988358, 0.4213688373565674, -0.35264158248901367, 0.6462711840867996, -0.5707337856292725], [0.284667044878006, 0.5753145813941956, -0.23272168636322021, -0.37825339287519455, 0.6382089853286743, -0.4714632034301758], [0.284667044878006, 0.5753145813941956, -0.23272168636322021, -0.37825339287519455, 0.6382089853286743, -0.4714632034301758], [-0.05989718437194824, 0.3205209821462631, -0.8768919706344604, -0.4027506336569786, 0.6423084288835526, 0.015897750854492188], [-0.1349840760231018, 0.28853751718997955, -1.0423736572265625, -0.4030835032463074, 0.6296989768743515, -0.0318223237991333], [-0.14672565460205078, 0.2882145643234253, -1.0099720358848572, -0.4072735756635666, 0.5723123550415039, -0.07199293375015259], [-0.15043491125106812, 0.2898116558790207, -1.0674620866775513, -0.41097956895828247, 0.6926772445440292, -0.04706394672393799], [-0.14462807774543762, 0.28725776076316833, -0.9446811079978943, -0.4077703505754471, 0.6729879081249237, -0.1865115761756897], [-0.1468242108821869, 0.2914257049560547, -1.0132007002830505, -0.40762849152088165, 0.6365695893764496, -0.16013509035110474], [-0.14842087030410767, 0.29230253398418427, -0.9988976716995239, -0.41822218894958496, 0.6361336261034012, -0.12453138828277588], [-0.15238475799560547, 0.2899896949529648, -0.9470400214195251, -0.4290897324681282, 0.6346680074930191, -0.19460898637771606], [-0.14584550261497498, 0.28910137712955475, -1.0993860960006714, -0.4275912493467331, 0.6123665124177933, -0.13025140762329102], [-0.14124777913093567, 0.28706976771354675, -1.092732548713684, -0.41458598524332047, 0.6077618896961212, 0.02387070655822754], [-0.13922947645187378, 0.28634217381477356, -1.0569907426834106, -0.3922470211982727, 0.5793382227420807, 0.08614689111709595], [-0.13880351185798645, 0.2875721752643585, -1.0390337109565735, -0.39336874336004257, 0.5774999856948853, 0.028890669345855713], [-0.14253050088882446, 0.28597211837768555, -1.0285866260528564, -0.4115639477968216, 0.6603955030441284, 0.09900742769241333]], "data_reduce_dim": [[1.4467971093635983, 1.3241184948835505, 2.7972871212949286, -0.26090475664047497, 0.7286104434204406, -1.1809683226513883], [1.3241184948835505, 3.9933146519487046, -2.4976750836147987, -3.133613010986683, 5.29810031865218, -2.2411998320977577], [2.7972871212949286, -2.4976750836147987, 14.775453658511239, 4.761381129273268, -6.995779258774491, -0.16182990869885572], [-0.26090475664047497, -3.133613010986683, 4.761381129273268, 3.06133181770739, -4.953074130890838, 1.4215141418733719], [0.7286104434204406, 5.29810031865218, -6.995779258774491, -4.953074130890838, 8.096914871459129, -2.5194669065768203], [-1.1809683226513883, -2.2411998320977577, -0.16182990869885572, 1.4215141418733719, -2.5194669065768203, 1.6463831491691536]], "joints_tracked_reference": [0], "joints_tracked": [15, 16], "joints_trigger_reference": [9], "joints_trigger": [4, 8, 12, 16, 20], "par_trigger_dist": 0.025, "par_trigger_length": 15, "time_gest": 4.070684909820557, "time_classifier": 0.0}, {"answer_predict": "F", "data_pose_track": [[0.43215471506118774, 0.6403257250785828, 0.4914967715740204, -0.3375597819685936, 0.6597208976745605, -0.5120713114738464], [0.429602712392807, 0.6373696327209473, 0.389787495136261, -0.3397636264562607, 0.6555650234222412, -0.71303391456604], [0.4330877363681793, 0.6378917247056961, 0.3947654366493225, -0.34074871242046356, 0.6541755944490433, -0.5775465965270996], [0.4291405975818634, 0.630605474114418, 0.30521059036254883, -0.34353285282850266, 0.6461268216371536, -0.7881869673728943], [0.42561882734298706, 0.620376706123352, 0.32850760221481323, -0.34502680599689484, 0.6531715393066406, -0.39004427194595337], [0.2527373731136322, 0.551385372877121, -0.48469752073287964, -0.36716940999031067, 0.6448332369327545, -0.4881553053855896], [-0.0349602997303009, 0.34301377832889557, -0.7792232036590576, -0.39360377937555313, 0.6374780684709549, -0.04153549671173096], [-0.10887563228607178, 0.2842726856470108, -1.0638513565063477, -0.3995506092905998, 0.6225089877843857, 0.1861228346824646], [-0.14551034569740295, 0.2744627594947815, -1.2108347415924072, -0.39886364340782166, 0.6104847192764282, 0.18172699213027954], [-0.1404469907283783, 0.27492450177669525, -0.9847367405891418, -0.3933011591434479, 0.6107527166604996, -0.18958979845046997], [-0.13585159182548523, 0.2802632451057434, -1.0744284987449646, -0.39098215103149414, 0.6046812236309052, -0.22179800271987915], [-0.1344897747039795, 0.2813791036605835, -1.000875473022461, -0.3893003836274147, 0.6019642353057861, -0.01652771234512329], [-0.1336362361907959, 0.2816821485757828, -1.0943655371665955, -0.38932881504297256, 0.5988252013921738, 0.34532076120376587], [-0.13853886723518372, 0.27733297646045685, -0.9568939208984375, -0.39435314387083054, 0.6009799987077713, 0.02974182367324829], [-0.13762792944908142, 0.28148193657398224, -1.0692858695983887, -0.3944495990872383, 0.6017893701791763, -0.16879355907440186], [-0.1404547393321991, 0.279832124710083, -1.0723811984062195, -0.3959333002567291, 0.6018924713134766, -0.15084820985794067], [-0.14031583070755005, 0.28073906898498535, -1.0491774678230286, -0.3933011442422867, 0.6015922725200653, -0.22656852006912231], [-0.14113599061965942, 0.28275512158870697, -1.0427229404449463, -0.39639487117528915, 0.5659209340810776, -0.4311913251876831], [-0.13801062107086182, 0.28148023784160614, -1.0760778188705444, -0.3958895206451416, 0.5744708031415939, 0.06737703084945679], [-0.13618484139442444, 0.2835949510335922, -1.0928704142570496, -0.3692334443330765, 0.5463332980871201, -0.07729458808898926]], "data_reduce_dim": [[1.2315100772342085, 0.9925326326513617, 2.6055755859175385, -0.11786311355953538, 0.49191097424484065, -1.3036198946284596], [0.9925326326513617, 3.4490422882379423, -3.1884489573805155, -2.848014148007495, 4.8144428486220905, -2.3620261379727303], [2.6055755859175385, -3.1884489573805155, 16.263298909129368, 5.243956560755399, -7.770417705671688, -0.1986528780690886], [-0.11786311355953538, -2.848014148007495, 5.243956560755399, 2.87445329590307, -4.642454097007167, 1.4757452603669066], [0.49191097424484065, 4.8144428486220905, -7.770417705671688, -4.642454097007167, 7.575342343820866, -2.6729824889572935], [-1.3036198946284596, -2.3620261379727303, -0.1986528780690886, 1.4757452603669066, -2.6729824889572935, 2.6898175350482703]], "joints_tracked_reference": [0], "joints_tracked": [15, 16], "joints_trigger_reference": [9], "joints_trigger": [4, 8, 12, 16, 20], "par_trigger_dist": 0.025, "par_trigger_length": 15, "time_gest": 4.05811882019043, "time_classifier": 0.0}, {"answer_predict": "F", "data_pose_track": [[0.43869340419769287, 0.6289850473403931, 0.46383845806121826, -0.35456205904483795, 0.6373539566993713, -0.6856926679611206], [0.4362673759460449, 0.629854679107666, 0.5390592813491821, -0.3547612726688385, 0.6347551345825195, -0.6023832559585571], [0.4365497827529907, 0.6306479424238205, 0.5518776178359985, -0.3548419028520584, 0.6405309289693832, -0.5564638376235962], [0.4356599748134613, 0.628923311829567, 0.6014703512191772, -0.35830042511224747, 0.6455524116754532, -0.4853857755661011], [0.38275232911109924, 0.6334571838378906, 0.33707743883132935, -0.38378385454416275, 0.645804226398468, -0.705102801322937], [0.06421935558319092, 0.4296509772539139, -0.5496221780776978, -0.39625080674886703, 0.6096078902482986, -0.2545219659805298], [-0.04991888999938965, 0.3244864344596863, -0.6735219955444336, -0.4142354428768158, 0.6857499480247498, 0.16739284992218018], [-0.13404524326324463, 0.2817692458629608, -1.1631245613098145, -0.4113459512591362, 0.632317990064621, 0.11981433629989624], [-0.14020568132400513, 0.277463361620903, -1.0902283787727356, -0.3953826129436493, 0.6132063418626785, -0.030406951904296875], [-0.14312368631362915, 0.27699364721775055, -1.128956139087677, -0.3925916478037834, 0.6167185455560684, 0.08874279260635376], [-0.13852530717849731, 0.2805463522672653, -1.1533228158950806, -0.3927138149738312, 0.6090737134218216, 0.25367116928100586], [-0.1433294117450714, 0.2780977040529251, -1.189488410949707, -0.39035799354314804, 0.6021001189947128, 0.1726720929145813], [-0.1392851173877716, 0.28074610233306885, -1.1010577082633972, -0.3877240866422653, 0.6052375435829163, 0.03873753547668457], [-0.13855141401290894, 0.2776787281036377, -1.1567749381065369, -0.3867058902978897, 0.6104261875152588, 0.09034311771392822], [-0.1374981701374054, 0.27546122670173645, -1.0080045461654663, -0.38577941805124283, 0.6128033995628357, -0.18773365020751953], [-0.1366652548313141, 0.27979208528995514, -1.0227749943733215, -0.38794415444135666, 0.6061059385538101, 0.40489494800567627], [-0.1364496946334839, 0.27998481690883636, -1.0408774018287659, -0.38445281237363815, 0.6068845838308334, 0.09632331132888794], [-0.13396519422531128, 0.28096891939640045, -1.0236294865608215, -0.3834701329469681, 0.6044336408376694, 0.042265892028808594], [-0.13542312383651733, 0.2791087180376053, -0.9338611960411072, -0.3839341476559639, 0.6048297435045242, 0.06886458396911621], [-0.1328311562538147, 0.27976831793785095, -1.0497978329658508, -0.3457418531179428, 0.5188703536987305, -0.28101974725723267]], "data_reduce_dim": [[1.1628432581196453, 0.8543417985471664, 3.006639417305246, -0.08047320906901656, 0.289237367212444, -1.4352026436207392], [0.8543417985471664, 3.289503140498258, -2.808420887498185, -2.846760489887946, 4.693149771710933, -1.7225287000431413], [3.006639417305246, -2.808420887498185, 17.320452457299545, 5.044446654757926, -7.688648201253805, -2.441553881122811], [-0.08047320906901656, -2.846760489887946, 5.044446654757926, 2.9290161495522673, -4.721096645770507, 0.7740612862756571], [0.289237367212444, 4.693149771710933, -7.688648201253805, -4.721096645770507, 7.635294385131958, -1.4257804851152605], [-1.4352026436207392, -1.7225287000431413, -2.441553881122811, 0.7740612862756571, -1.4257804851152605, 2.389208521529188]], "joints_tracked_reference": [0], "joints_tracked": [15, 16], "joints_trigger_reference": [9], "joints_trigger": [4, 8, 12, 16, 20], "par_trigger_dist": 0.025, "par_trigger_length": 15, "time_gest": 4.047208547592163, "time_classifier": 0.0}, {"answer_predict": "F", "data_pose_track": [[0.45307257771492004, 0.6333840191364288, 0.3698369264602661, -0.3403962552547455, 0.651257187128067, -0.8340620994567871], [0.45546504855155945, 0.6312323659658432, 0.40307268500328064, -0.3402050882577896, 0.6386283487081528, -0.7893902063369751], [0.455443412065506, 0.6312393844127655, 0.3375004529953003, -0.3431227132678032, 0.6356702744960785, -0.8630623817443848], [0.4572654068470001, 0.6325304508209229, 0.3816074728965759, -0.34458620846271515, 0.6407556533813477, -0.806888997554779], [0.3741687536239624, 0.6009903252124786, 0.15607845783233643, -0.36750343441963196, 0.6365058124065399, -0.7184730768203735], [0.22244319319725037, 0.48880837857723236, -0.524529218673706, -0.3880262151360512, 0.6223771423101425, -0.39016425609588623], [-0.023088812828063965, 0.3267475962638855, -0.9025694131851196, -0.3890160098671913, 0.6232780814170837, 0.47026747465133667], [-0.1064721941947937, 0.29534609615802765, -0.9302347898483276, -0.36687786877155304, 0.5381270200014114, -0.41976118087768555], [-0.1064721941947937, 0.29534609615802765, -0.9302347898483276, -0.36687786877155304, 0.5381270200014114, -0.41976118087768555], [-0.09865736961364746, 0.2911630719900131, -1.0242740511894226, -0.369371235370636, 0.5437878519296646, -0.04750281572341919], [-0.08437004685401917, 0.290250226855278, -1.0468493700027466, -0.36700546741485596, 0.5551433712244034, 0.2817029356956482], [-0.08741384744644165, 0.2888391613960266, -0.9195820689201355, -0.3725806102156639, 0.5601184666156769, -0.027952194213867188], [-0.09122076630592346, 0.29486754536628723, -0.921467125415802, -0.3708171173930168, 0.5575642287731171, 0.022354423999786377], [-0.09573692083358765, 0.2930673062801361, -0.8374077081680298, -0.37349314987659454, 0.5586219727993011, -0.2988717555999756], [-0.10133311152458191, 0.29211702942848206, -1.0101563334465027, -0.37497079372406006, 0.5552155375480652, 0.04587554931640625], [-0.09733620285987854, 0.2907412052154541, -0.9536226391792297, -0.37744151055812836, 0.5551266670227051, -0.053014934062957764], [-0.101204514503479, 0.2903929501771927, -1.019071877002716, -0.3787698447704315, 0.5539350658655167, 0.10670053958892822], [-0.1017269492149353, 0.2886368930339813, -0.9464778900146484, -0.3809654414653778, 0.5578452050685883, 0.033640503883361816], [-0.0967632532119751, 0.28705866634845734, -0.910592794418335, -0.3792223334312439, 0.557286724448204, 0.030914306640625], [-0.09622654318809509, 0.2875291109085083, -0.9331831336021423, -0.37833303958177567, 0.5579600632190704, -0.10483914613723755]], "data_reduce_dim": [[1.1428681899053057, 1.1088542943009343, 1.8465030818350625, -0.3652503674420178, 0.8315590129794512, -1.7732362306275693], [1.1088542943009343, 3.4073954753794506, -3.1198739885428615, -2.816616130692675, 4.605685805067815, -2.802278958842704], [1.8465030818350625, -3.1198739885428615, 13.508739511702935, 4.612804737071807, -6.679151553440836, -0.8343677848879238], [-0.3652503674420178, -2.816616130692675, 4.612804737071807, 2.719796100401364, -4.28176101610782, 1.6725703865409565], [0.8315590129794512, 4.605685805067815, -6.679151553440836, -4.28176101610782, 6.8036681292090755, -2.9787120752947835], [-1.7732362306275693, -2.802278958842704, -0.8343677848879238, 1.6725703865409565, -2.9787120752947835, 4.158322329314512]], "joints_tracked_reference": [0], "joints_tracked": [15, 16], "joints_trigger_reference": [9], "joints_trigger": [4, 8, 12, 16, 20], "par_trigger_dist": 0.025, "par_trigger_length": 15, "time_gest": 4.0500218868255615, "time_classifier": 0.0}, {"answer_predict": "F", "data_pose_track": [[0.0, 0.0, 0.0, 0.0, 0.0, 0.0], [0.0, 0.0, 0.0, 0.0, 0.0, 0.0], [0.0, 0.0, 0.0, 0.0, 0.0, 0.0], [0.4356461763381958, 0.6212338507175446, 0.37230241298675537, -0.3521771728992462, 0.6482641398906708, -0.8770579099655151], [0.43885931372642517, 0.6216682940721512, 0.41897183656692505, -0.3546643629670143, 0.6360840350389481, -0.7979709506034851], [0.43320977687835693, 0.6255247890949249, 0.4532400965690613, -0.3558906391263008, 0.6321260035037994, -0.7811903357505798], [0.43524375557899475, 0.6224114745855331, 0.3579631447792053, -0.35843490064144135, 0.6281651109457016, -0.8506893515586853], [0.4036368727684021, 0.6102200746536255, 0.247453510761261, -0.37203270196914673, 0.6253013014793396, -0.72133469581604], [0.23849111795425415, 0.5359383523464203, -0.33846116065979004, -0.38326840847730637, 0.6069697439670563, -0.5017774105072021], [-0.021671324968338013, 0.3184797912836075, -0.7705800533294678, -0.3892870470881462, 0.6216477304697037, 0.16026782989501953], [-0.0900057852268219, 0.2702234834432602, -0.8457268476486206, -0.39135800302028656, 0.6848205476999283, 0.16157424449920654], [-0.10327550768852234, 0.26313304901123047, -0.9558655023574829, -0.3908296152949333, 0.6480924785137177, 0.19035464525222778], [-0.1012021005153656, 0.26135464012622833, -0.9756144881248474, -0.39083170890808105, 0.6260885447263718, 0.23247897624969482], [-0.10175731778144836, 0.26666420698165894, -0.908622682094574, -0.38872455060482025, 0.618646115064621, 0.3315688967704773], [-0.10175731778144836, 0.26666420698165894, -0.908622682094574, -0.38872455060482025, 0.618646115064621, 0.3315688967704773], [-0.08889424800872803, 0.26968133449554443, -0.8609113693237305, -0.38548533618450165, 0.5786924362182617, 0.37609243392944336], [-0.09555879235267639, 0.270041361451149, -0.9431294798851013, -0.3876235708594322, 0.5741945654153824, 0.2771272659301758], [-0.09047743678092957, 0.27303555607795715, -0.8815257549285889, -0.38775405287742615, 0.5753523409366608, 0.19663101434707642], [-0.09069043397903442, 0.27443744242191315, -0.9092164039611816, -0.38808053731918335, 0.5758310109376907, 0.25429224967956543], [-0.08941677212715149, 0.27847644686698914, -0.8792909979820251, -0.3863796964287758, 0.579490065574646, 0.3369845151901245], [-0.09183317422866821, 0.27575190365314484, -0.8808225393295288, -0.3854041323065758, 0.5839966982603073, 0.28458940982818604], [-0.09264916181564331, 0.2754429429769516, -0.9085201621055603, -0.38462891429662704, 0.5811036676168442, 0.23283982276916504], [-0.09014207124710083, 0.27689360082149506, -0.8586809635162354, -0.3854004740715027, 0.5808091908693314, 0.10666435956954956]], "data_reduce_dim": [[1.096063893665824, 1.1202793195660723, 1.8425208134234001, -0.37623387124791674, 0.7524269727508974, -2.1686895766462158], [1.1202793195660723, 3.266535492649279, -2.4502021156009546, -2.8069872261964828, 4.608094270448029, -1.8200497219576848], [1.8425208134234001, -2.4502021156009546, 11.995406860740395, 4.312292114442089, -6.565326492981106, -4.439358874268688], [-0.37623387124791674, -2.8069872261964828, 4.312292114442089, 2.896777785887762, -4.646797478476269, 0.28896349096028695], [0.7524269727508974, 4.608094270448029, -6.565326492981106, -4.646797478476269, 7.490397487063108, -0.7754316828890788], [-2.1686895766462158, -1.8200497219576848, -4.439358874268688, 0.28896349096028695, -0.7754316828890788, 4.455687196577017]], "joints_tracked_reference": [0], "joints_tracked": [15, 16], "joints_trigger_reference": [9], "joints_trigger": [4, 8, 12, 16, 20], "par_trigger_dist": 0.025, "par_trigger_length": 15, "time_gest": 4.0392746925354, "time_classifier": 0.0}, {"answer_predict": "F", "data_pose_track": [[0.0, 0.0, 0.0, 0.0, 0.0, 0.0], [0.0, 0.0, 0.0, 0.0, 0.0, 0.0], [0.0, 0.0, 0.0, 0.0, 0.0, 0.0], [0.47041815519332886, 0.5906185209751129, 0.7433474361896515, -0.29513029754161835, 0.6285085380077362, -0.17605477571487427], [0.4458380341529846, 0.5788294672966003, 0.5032547116279602, -0.31374140828847885, 0.6315481066703796, -0.5568574070930481], [0.4375031590461731, 0.5761624872684479, 0.4397442936897278, -0.32667276263237, 0.6402189433574677, -0.5677548050880432], [0.4404158592224121, 0.5786905884742737, 0.3688817024230957, -0.3306877315044403, 0.6391412019729614, -0.3470180630683899], [0.4418063759803772, 0.5796115547418594, 0.43610644340515137, -0.3378981500864029, 0.6398565322160721, -0.5355008840560913], [0.43583300709724426, 0.5831414610147476, 0.500438392162323, -0.3406454995274544, 0.650705948472023, -0.4943974018096924], [0.32898372411727905, 0.5465210527181625, -0.07994747161865234, -0.3771703317761421, 0.6254920214414597, -0.6430331468582153], [0.004250228404998779, 0.31636665761470795, -0.8490170240402222, -0.39485248923301697, 0.6228244751691818, -0.30836164951324463], [-0.1136588454246521, 0.25323230028152466, -1.128705620765686, -0.39364293217658997, 0.5949100255966187, 0.8716120719909668], [-0.11387026309967041, 0.2532379776239395, -0.9935541152954102, -0.39070042222738266, 0.5957254618406296, 0.7905547618865967], [-0.10791575908660889, 0.25949209928512573, -0.9062764644622803, -0.3870122730731964, 0.5997667908668518, 0.9753077626228333], [-0.10791575908660889, 0.25949209928512573, -0.9062764644622803, -0.3870122730731964, 0.5997667908668518, 0.9753077626228333], [-0.08872595429420471, 0.2653285413980484, -1.0450363159179688, -0.383542038500309, 0.5716240257024765, 0.7249694764614105], [-0.08548769354820251, 0.26981958746910095, -0.947655200958252, -0.3835535794496536, 0.5728760361671448, 0.3790644407272339], [-0.09314870834350586, 0.2729850113391876, -0.9485909938812256, -0.38275863975286484, 0.5752570927143097, 0.09801793098449707], [-0.08123353123664856, 0.27483968436717987, -0.85442054271698, -0.38206255435943604, 0.5773466974496841, 0.07983875274658203], [-0.0731143057346344, 0.2770995944738388, -0.8405839204788208, -0.38191940635442734, 0.5807480961084366, 0.07660984992980957], [-0.08019107580184937, 0.27395525574684143, -0.9340112209320068, -0.38034989684820175, 0.5817868113517761, 0.6899133324623108], [-0.06557932496070862, 0.277046874165535, -0.8896905183792114, -0.37564267963171005, 0.582489088177681, 0.45213133096694946], [-0.06460791826248169, 0.27863678336143494, -0.874342679977417, -0.37690572440624237, 0.5826561450958252, 0.20804446935653687]], "data_reduce_dim": [[1.398715118333607, 1.4478223047484797, 2.32949916918448, -0.5771056707121267, 1.2834959629435034, -2.0131868040873906], [1.4478223047484797, 3.2879134180297624, -1.5839689579839007, -2.6943823176948967, 4.643480644135974, -0.3380275348264301], [2.32949916918448, -1.5839689579839007, 12.961921855681918, 3.7324668279933895, -5.260730700502567, -7.064553051474443], [-0.5771056707121267, -2.6943823176948967, 3.7324668279933895, 2.6975317142091964, -4.416240097595189, -1.1977324199494481], [1.2834959629435034, 4.643480644135974, -5.260730700502567, -4.416240097595189, 7.32620702273744, 1.4176658386492718], [-2.0131868040873906, -0.3380275348264301, -7.064553051474443, -1.1977324199494481, 1.4176658386492718, 6.525562982865819]], "joints_tracked_reference": [0], "joints_tracked": [15, 16], "joints_trigger_reference": [9], "joints_trigger": [4, 8, 12, 16, 20], "par_trigger_dist": 0.025, "par_trigger_length": 15, "time_gest": 4.039685249328613, "time_classifier": 0.0}, {"answer_predict": "F", "data_pose_track": [[0.0, 0.0, 0.0, 0.0, 0.0, 0.0], [0.0, 0.0, 0.0, 0.0, 0.0, 0.0], [0.0, 0.0, 0.0, 0.0, 0.0, 0.0], [0.42162394523620605, 0.6696069836616516, 0.8023656010627747, -0.32045750319957733, 0.64829021692276, -0.10237669944763184], [0.4145917296409607, 0.677326887845993, 0.6681431531906128, -0.3115180432796478, 0.6380009949207306, -0.3912090063095093], [0.45331382751464844, 0.6964009702205658, 1.0765423774719238, -0.30041565001010895, 0.6406445801258087, -0.07133316993713379], [0.5036243796348572, 0.7080432772636414, 1.1453041732311249, -0.2773524671792984, 0.6322432160377502, -0.40959715843200684], [0.5129494965076447, 0.6917301416397095, 0.9663306474685669, -0.26378558576107025, 0.6047215461730957, -0.4677194356918335], [0.47688958048820496, 0.6040754020214081, 0.7237043604254723, -0.2637924551963806, 0.5996228158473969, -0.46204423904418945], [0.41741684079170227, 0.590146616101265, 0.10996478796005249, -0.29548339545726776, 0.5981205254793167, -0.6726229786872864], [0.4114016890525818, 0.6045753955841064, 0.1992592215538025, -0.3038041293621063, 0.5949532985687256, -0.6265568137168884], [0.4123537540435791, 0.6114297807216644, 0.2094975709915161, -0.31309035420417786, 0.6024453341960907, -0.5763712525367737], [0.4041639268398285, 0.6145543903112411, 0.30234259366989136, -0.31183747947216034, 0.6008002012968063, -0.5740429759025574], [0.3972463011741638, 0.6146500557661057, 0.3806881606578827, -0.31096917390823364, 0.6226988285779953, -0.5081979632377625], [0.3912241458892822, 0.6157265305519104, 0.3347158432006836, -0.30959363281726837, 0.6202630400657654, -0.558752715587616], [0.39136239886283875, 0.6164356619119644, 0.3007974624633789, -0.30835048854351044, 0.6191328912973404, -0.5531802773475647], [0.3892347514629364, 0.6186662763357162, 0.3213227689266205, -0.307120218873024, 0.6107222884893417, -0.5289075970649719], [0.3857600688934326, 0.6192480176687241, 0.31319859623908997, -0.309429407119751, 0.6195844858884811, -0.5022182464599609], [0.3801668882369995, 0.6119798868894577, 0.27040809392929077, -0.30929233133792877, 0.6208742707967758, -0.5626933574676514], [0.3782075047492981, 0.6095781475305557, 0.29439234733581543, -0.3093835562467575, 0.6220471411943436, -0.5496366024017334], [0.378302663564682, 0.6067545562982559, 0.3189951181411743, -0.30904288589954376, 0.6323453336954117, -0.42118555307388306], [0.3930789828300476, 0.6042200177907944, 0.2673104405403137, -0.3386054039001465, 0.6395949572324753, -0.45868033170700073], [0.4012858271598816, 0.6082606911659241, 0.2016553282737732, -0.3577982485294342, 0.6797906756401062, -0.3230499029159546]], "data_reduce_dim": [[3.4867592128805596, 5.254201786313476, 4.023983570604788, -2.537120354554765, 5.172264650257511, -3.840082320100093], [5.254201786313476, 7.954592147822632, 5.996234043517568, -3.8551843226140132, 7.841400782054881, -5.801020816671026], [4.023983570604788, 5.996234043517568, 6.127954647506592, -2.7513596035932486, 5.752700413221859, -3.679111037858565], [-2.537120354554765, -3.8551843226140132, -2.7513596035932486, 1.8882154184934956, -3.8210259946838026, 2.8481146196369895], [5.172264650257511, 7.841400782054881, 5.752700413221859, -3.8210259946838026, 7.754494414826933, -5.757991723497205], [-3.840082320100093, -5.801020816671026, -3.679111037858565, 2.8481146196369895, -5.757991723497205, 4.7946693144984]], "joints_tracked_reference": [0], "joints_tracked": [15, 16], "joints_trigger_reference": [9], "joints_trigger": [4, 8, 12, 16, 20], "par_trigger_dist": 0.025, "par_trigger_length": 15, "time_gest": 4.0314621925354, "time_classifier": 0.0}, {"answer_predict": "F", "data_pose_track": [[0.39832794666290283, 0.6018790602684021, 0.15650856494903564, -0.3530294597148895, 0.6870412230491638, -0.48289692401885986], [0.39749953150749207, 0.6030904948711395, 0.2641505002975464, -0.35303349792957306, 0.6887280642986298, -0.36437511444091797], [0.39999377727508545, 0.6030686646699905, 0.3710882067680359, -0.3773503676056862, 0.7153448015451431, -0.053456246852874756], [0.3980191946029663, 0.6035406738519669, 0.28802382946014404, -0.3649060055613518, 0.7080013304948807, -0.24218136072158813], [0.39389747381210327, 0.6032790988683701, 0.1673201322555542, -0.37100429832935333, 0.663702592253685, -0.623184084892273], [0.1978670060634613, 0.5650157630443573, -0.06568509340286255, -0.3778795376420021, 0.6297564804553986, -0.2450968623161316], [-0.09162646532058716, 0.38022197782993317, -0.6092243194580078, -0.4065529555082321, 0.631334200501442, -0.15715789794921875], [-0.1590522825717926, 0.3104839324951172, -0.8682276606559753, -0.40171578526496887, 0.6562731266021729, 0.39009398221969604], [-0.20352929830551147, 0.25077009201049805, -0.9387795329093933, -0.4052141606807709, 0.6505264937877655, 0.1307680606842041], [-0.19586145877838135, 0.24990491569042206, -0.9666228294372559, -0.41285035014152527, 0.6596787124872208, 0.2510828971862793], [-0.19175419211387634, 0.2485351860523224, -1.0135136842727661, -0.42195825278759, 0.6518649458885193, -0.029676318168640137], [-0.19893541932106018, 0.24453343451023102, -1.1460148692131042, -0.4212839901447296, 0.6467598229646683, 0.020444273948669434], [-0.1790834367275238, 0.26024235785007477, -1.112959086894989, -0.41914814710617065, 0.6313072293996811, 0.4607146680355072], [-0.17946341633796692, 0.258285328745842, -1.1568250060081482, -0.4165336564183235, 0.6295657008886337, 0.5773395001888275], [-0.17330721020698547, 0.26453162729740143, -1.0510197281837463, -0.4134320616722107, 0.6308604627847672, 0.7016284167766571], [-0.167430579662323, 0.26794251799583435, -1.0948776602745056, -0.4104439839720726, 0.626899927854538, 0.8712459430098534], [-0.16515693068504333, 0.26884327828884125, -1.082777976989746, -0.4095475450158119, 0.6226841658353806, 1.1688518226146698], [-0.15892937779426575, 0.2712831646203995, -1.0985221862792969, -0.3860434889793396, 0.6373550742864609, 0.7806097269058228], [-0.1552518904209137, 0.2736535370349884, -1.0596861839294434, -0.3857155740261078, 0.6392329633235931, 0.5228522717952728], [-0.15058159828186035, 0.2755197286605835, -1.049250066280365, -0.38529156148433685, 0.6396605968475342, 0.19663244485855103]], "data_reduce_dim": [[1.240875508361671, 0.674680116479057, 2.9282772660799807, 0.16824356100713866, -0.01612343043758635, -1.7522241254133912], [0.674680116479057, 3.197867874664997, -3.1233727120177592, -2.8650530497404723, 4.889007452396462, 0.36261122413655156], [2.9282772660799807, -3.1233727120177592, 15.111786710843823, 5.368298328879944, -8.279401979419003, -6.70682371600639], [0.16824356100713866, -2.8650530497404723, 5.368298328879944, 3.124643698259109, -5.141029871652306, -1.6528187745165837], [-0.01612343043758635, 4.889007452396462, -8.279401979419003, -5.141029871652306, 8.524946356308902, 2.3694715119147522], [-1.7522241254133912, 0.36261122413655156, -6.70682371600639, -1.6528187745165837, 2.3694715119147522, 5.21874817736638]], "joints_tracked_reference": [0], "joints_tracked": [15, 16], "joints_trigger_reference": [9], "joints_trigger": [4, 8, 12, 16, 20], "par_trigger_dist": 0.025, "par_trigger_length": 15, "time_gest": 4.026894569396973, "time_classifier": 0.0}], "I": [{"answer_predict": "I", "data_pose_track": [[0.0, 0.0, 0.0, 0.0, 0.0, 0.0], [0.37409675121307373, 0.5610009133815765, -0.26622462272644043, -0.3419303447008133, 0.6652168929576874, -0.5307422876358032], [0.37535953521728516, 0.5680919885635376, -0.2737872004508972, -0.34052956104278564, 0.6691414713859558, -0.5217042565345764], [0.3767477571964264, 0.5639660358428955, -0.26535624265670776, -0.34241513907909393, 0.6698499321937561, -0.48643797636032104], [0.3767945468425751, 0.5642761439085007, -0.3470920920372009, -0.3424074649810791, 0.6698747128248215, -0.49903398752212524], [0.38135042786598206, 0.5642047971487045, -0.3191264867782593, -0.3426664024591446, 0.6699130982160568, -0.5002404451370239], [0.32479381561279297, 0.5700920224189758, 0.11967450380325317, -0.3917620778083801, 0.6621032953262329, -0.5008008480072021], [0.3133183717727661, 0.5669404715299606, 0.030081510543823242, -0.48028089851140976, 0.6137938350439072, -0.39802420139312744], [0.24055832624435425, 0.5640839487314224, -0.013644039630889893, -0.5683755129575729, 0.5701352506875992, 0.3847741484642029], [0.21866261959075928, 0.5637613534927368, -0.1702185869216919, -0.5701116845011711, 0.5634987354278564, 0.40413573384284973], [0.22339123487472534, 0.5626149624586105, -0.10782545804977417, -0.5556211173534393, 0.5568392723798752, 0.4032474756240845], [0.22317290306091309, 0.562768965959549, -0.016566216945648193, -0.5388749688863754, 0.5581023991107941, 0.5169913470745087], [0.22443735599517822, 0.5672432333230972, 0.09439247846603394, -0.5370709747076035, 0.5613091140985489, 0.4624119997024536], [0.22520148754119873, 0.5660601258277893, -0.12111449241638184, -0.5332475155591965, 0.564911961555481, 0.49609217047691345], [0.23166662454605103, 0.5656840801239014, 0.11438870429992676, -0.5348912477493286, 0.564085066318512, 0.4538588523864746], [0.22240018844604492, 0.5544953644275665, 0.08324402570724487, -0.5280304104089737, 0.5609988868236542, 0.42006856203079224], [0.22203117609024048, 0.5423654317855835, 0.010624945163726807, -0.5297404676675797, 0.5551981329917908, 0.41806718707084656], [0.22782349586486816, 0.5423862189054489, 0.12333369255065918, -0.5302154421806335, 0.5581636875867844, 0.46135810017585754], [0.22182780504226685, 0.5390582233667374, -0.02882319688796997, -0.5359344035387039, 0.555864229798317, 0.3813902735710144], [0.21877890825271606, 0.5414560735225677, -0.18437546491622925, -0.5365299135446548, 0.558988481760025, 0.13411352038383484], [0.22291171550750732, 0.5431655943393707, -0.04793965816497803, -0.5405459702014923, 0.5609298050403595, 0.33913126587867737]], "data_reduce_dim": [[1.5714170872520397, 3.0486618600346693, -0.5628452079815247, -2.5050813949190225, 3.3066551753328346, -0.05587197008475897], [3.0486618600346693, 6.244714245944129, -0.8917142359388857, -5.3682222454254225, 6.658339838268736, 0.991430651960131], [-0.5628452079815247, -0.8917142359388857, 0.590892124043819, 0.5936396530300323, -1.035074740535408, 0.627883969303058], [-2.5050813949190225, -5.3682222454254225, 0.5936396530300323, 4.782870650346513, -5.6449779295203415, -1.5996226202745019], [3.3066551753328346, 6.658339838268736, -1.035074740535408, -5.6449779295203415, 7.13872762164115, 0.6851926058650082], [-0.05587197008475897, 0.991430651960131, 0.627883969303058, -1.5996226202745019, 0.6851926058650082, 3.9487144220688597]], "joints_tracked_reference": [0], "joints_tracked": [15, 16], "joints_trigger_reference": [9], "joints_trigger": [4, 8, 12, 16, 20], "par_trigger_dist": 0.025, "par_trigger_length": 15, "time_gest": 4.057692289352417, "time_classifier": 0.0}, {"answer_predict": "I", "data_pose_track": [[0.38756662607192993, 0.5733131915330887, -0.2772534489631653, -0.38883131742477417, 0.6729211956262589, -0.7203246355056763], [0.38298124074935913, 0.5702535063028336, -0.23954513669013977, -0.3912975788116455, 0.6690280586481094, -0.6978780925273895], [0