{"F": [{"answer_predict": "F", "data_pose_track": [[0.3491435647010803, 0.7184418886899948, 1.0636880695819855, -0.4914695620536804, 0.8350486010313034, 0.44551098346710205], [0.3502207398414612, 0.7190542817115784, 0.9398360550403595, -0.4914233162999153, 0.8272968530654907, 0.5195038914680481], [0.3492669463157654, 0.7203376442193985, 0.9614828824996948, -0.49238016456365585, 0.8271690756082535, 0.5443675518035889], [0.34926003217697144, 0.7244552373886108, 0.9669801592826843, -0.49235670268535614, 0.8203296661376953, 0.5720700025558472], [0.3489622473716736, 0.7274760752916336, 0.9521964192390442, -0.4924444109201431, 0.8235107809305191, 0.6204068064689636], [0.3489622473716736, 0.7274760752916336, 0.9521964192390442, -0.4924444109201431, 0.8235107809305191, 0.6204068064689636], [0.08053731918334961, 0.502690926194191, -0.5867750644683838, -0.5091873183846474, 0.8379138261079788, 1.1687020659446716], [0.08053731918334961, 0.502690926194191, -0.5867750644683838, -0.5091873183846474, 0.8379138261079788, 1.1687020659446716], [-0.20964905619621277, 0.2765386551618576, -1.1616947650909424, -0.5518952757120132, 0.8579920679330826, 1.2294931411743164], [-0.2533346116542816, 0.2650495022535324, -1.4536231756210327, -0.5593224316835403, 0.8556732386350632, 1.4150857329368591], [-0.2440042793750763, 0.25948770344257355, -1.3420408368110657, -0.5606336668133736, 0.8518578261137009, 1.3890617191791534], [-0.2389073669910431, 0.2588340491056442, -1.3379812240600586, -0.5632478818297386, 0.844877079129219, 1.190136194229126], [-0.2459133267402649, 0.2607491612434387, -1.6886003017425537, -0.5152194648981094, 0.7864505350589752, -0.03387272357940674], [-0.22385817766189575, 0.265484482049942, -1.3480063676834106, -0.46168312430381775, 0.7495841085910797, -0.06764829158782959], [-0.22586601972579956, 0.26274798810482025, -1.439731240272522, -0.4463229477405548, 0.737755224108696, -0.13889217376708984], [-0.22767814993858337, 0.25834164023399353, -1.3449749946594238, -0.44157207012176514, 0.7338879406452179, -0.3098818063735962], [-0.22057688236236572, 0.26530592143535614, -1.4811099171638489, -0.44351860880851746, 0.7321407943964005, -0.4215943217277527], [-0.2187032401561737, 0.26836247742176056, -1.4870104789733887, -0.44242528080940247, 0.7306547611951828, -0.38750290870666504], [-0.21557831764221191, 0.2689002603292465, -1.5187807083129883, -0.4390343427658081, 0.7306287735700607, -0.38030922412872314], [-0.21540901064872742, 0.2697881907224655, -1.478789508342743, -0.4386254847049713, 0.7293353825807571, -0.37081342935562134]], "data_reduce_dim": [[1.3725925235724885, 0.8706857284633669, 5.849329553253909, 0.23053858687747475, -0.27076494927201544, 0.5741456958257016], [0.8706857284633669, 4.483560247314272, -0.8958001513196097, -4.199417786450006, 6.900384578176623, 4.399919305643824], [5.849329553253909, -0.8958001513196097, 30.878688431308184, 6.044856090726409, -9.42169439507223, -2.0014249066371796], [0.23053858687747475, -4.199417786450006, 6.044856090726409, 4.870812090639231, -7.8913424210235785, -4.808742156479333], [-0.27076494927201544, 6.900384578176623, -9.42169439507223, -7.8913424210235785, 12.806111065249668, 7.608948409653451], [0.5741456958257016, 4.399919305643824, -2.0014249066371796, -4.808742156479333, 7.608948409653451, 12.184619738422768]], "joints_tracked_reference": [0], "joints_tracked": [15, 16], "joints_trigger_reference": [9], "joints_trigger": [4, 8, 12, 16, 20], "par_trigger_dist": 0.025, "par_trigger_length": 15, "time_gest": 4.069953680038452, "time_classifier": 0.0}, {"answer_predict": "F", "data_pose_track": [[0.0, 0.0, 0.0, 0.0, 0.0, 0.0], [0.37354499101638794, 0.7748278379440308, 1.1369200944900513, -0.425070121884346, 0.7350063920021057, 0.9710068702697754], [0.3742755651473999, 0.7743405252695084, 1.0578172206878662, -0.4240817278623581, 0.7348693162202835, 0.8626159429550171], [0.3744927644729614, 0.7740872800350189, 1.1536281108856201, -0.4235813021659851, 0.7348060309886932, 0.8320542573928833], [0.37426310777664185, 0.7792697101831436, 1.131773054599762, -0.42369046807289124, 0.7329666167497635, 0.8264671564102173], [0.37040847539901733, 0.768218994140625, 1.074533224105835, -0.4254002869129181, 0.7297508120536804, 0.8905369639396667], [0.2610247731208801, 0.7302152812480927, 0.6273285150527954, -0.43677136301994324, 0.7333331406116486, 0.6937687993049622], [-0.05818057060241699, 0.341160386800766, -1.2284711599349976, -0.4527133107185364, 0.7321664392948151, 1.347030632197857], [-0.17519071698188782, 0.23550288379192352, -1.4499520063400269, -0.4699043035507202, 0.7210594862699509, 1.0201084464788437], [-0.20424899458885193, 0.23334525525569916, -1.212020993232727, -0.4842040240764618, 0.7148333638906479, 1.2044087797403336], [-0.2101876437664032, 0.23941414058208466, -1.4097027778625488, -0.4930730164051056, 0.7141948193311691, 1.0347740538418293], [-0.1967916488647461, 0.2394731193780899, -1.4583284258842468, -0.49506431818008423, 0.7097094804048538, 1.0743352994322777], [-0.19816318154335022, 0.23502564430236816, -1.2633380889892578, -0.4945817142724991, 0.7079503238201141, 0.8669576346874237], [-0.1841249167919159, 0.23503661155700684, -1.4324679374694824, -0.4915609806776047, 0.703967958688736, 0.9138908535242081], [-0.2006852924823761, 0.23349052667617798, -1.5612435340881348, -0.4985313415527344, 0.6999663412570953, 1.2175780683755875], [-0.20470258593559265, 0.23206943273544312, -1.286216139793396, -0.501035675406456, 0.7003396451473236, 1.302141472697258], [-0.20361033082008362, 0.23282542824745178, -1.3798857927322388, -0.502751350402832, 0.7006840109825134, 1.2070907801389694], [-0.19991081953048706, 0.23570944368839264, -1.3457486629486084, -0.4995907098054886, 0.6976111084222794, 0.9930428564548492], [-0.20581993460655212, 0.23653656244277954, -1.4479588270187378, -0.5029997378587723, 0.6976701319217682, 0.7776758968830109], [-0.19997864961624146, 0.23588111996650696, -1.2371070384979248, -0.4977911114692688, 0.6998941004276276, 0.7652306258678436], [-0.20969462394714355, 0.23274604976177216, -1.4650928974151611, -0.5012212842702866, 0.7027875632047653, 0.543092668056488]], "data_reduce_dim": [[1.287067361341685, 1.0063352188687085, 5.887646168188503, 0.40388149998749423, -0.310674717866831, -0.8368038528749815], [1.0063352188687085, 4.365157240938039, 0.11802449472158649, -3.6285550076778312, 5.781035688776145, 7.396023261279364], [5.887646168188503, 0.11802449472158649, 32.99443707593938, 6.806528586590222, -9.02646593775919, -14.16586950485376], [0.40388149998749423, -3.6285550076778312, 6.806528586590222, 4.479812708899857, -6.744931437622928, -9.162184958427424], [-0.310674717866831, 5.781035688776145, -9.02646593775919, -6.744931437622928, 10.233822128642528, 13.827353716098987], [-0.8368038528749815, 7.396023261279364, -14.16586950485376, -9.162184958427424, 13.827353716098987, 19.56075146325009]], "joints_tracked_reference": [0], "joints_tracked": [15, 16], "joints_trigger_reference": [9], "joints_trigger": [4, 8, 12, 16, 20], "par_trigger_dist": 0.025, "par_trigger_length": 15, "time_gest": 4.109087705612183, "time_classifier": 0.0}, {"answer_predict": "F", "data_pose_track": [[0.36065489053726196, 0.7536932826042175, 1.1087776720523834, -0.4061121493577957, 0.7142989039421082, 0.56856369972229], [0.3620826005935669, 0.7559565603733063, 1.005802035331726, -0.40269017219543457, 0.7159280478954315, 0.7096364498138428], [0.36641597747802734, 0.7590785920619965, 1.0599567294120789, -0.39993320405483246, 0.7166811525821686, 0.6828386783599854], [0.37086284160614014, 0.7626517713069916, 1.0157943964004517, -0.40141724050045013, 0.7167251408100128, 0.7003568410873413], [0.37646645307540894, 0.7655898928642273, 1.0798263549804688, -0.3993115574121475, 0.7209990620613098, 0.6985399723052979], [0.3133605718612671, 0.764688029885292, 0.9489557147026062, -0.4122435748577118, 0.7222215682268143, 0.6627366542816162], [-0.03745979070663452, 0.4038783311843872, -0.8282303810119629, -0.4244355261325836, 0.7167928218841553, 1.3494422174990177], [-0.1274029016494751, 0.27315936982631683, -1.2063877582550049, -0.44125010073184967, 0.7141603082418442, 0.7472968697547913], [-0.19947010278701782, 0.22832098603248596, -1.255932331085205, -0.4557817578315735, 0.7126335799694061, 0.712062805891037], [-0.18785741925239563, 0.23571047186851501, -1.3463630080223083, -0.46490974724292755, 0.7093559205532074, 0.8735665678977966], [-0.18838584423065186, 0.24041472375392914, -1.4190484285354614, -0.4614456593990326, 0.7059830874204636, 0.7773934006690979], [-0.19081592559814453, 0.23512515425682068, -1.326946496963501, -0.45180079340934753, 0.7020827531814575, 0.6349636614322662], [-0.20694419741630554, 0.22835086286067963, -1.2490873336791992, -0.4519761651754379, 0.700527235865593, 0.6115798652172089], [-0.2046452760696411, 0.22976015508174896, -1.2482422590255737, -0.4515603184700012, 0.6999043375253677, 0.716231107711792], [-0.1976899802684784, 0.23857994377613068, -1.416724681854248, -0.4475669264793396, 0.6993107944726944, 0.631128340959549], [-0.196632981300354, 0.23949159681797028, -1.3765264749526978, -0.4483494758605957, 0.699150338768959, 0.6904309093952179], [-0.19830816984176636, 0.24036931991577148, -1.2730350494384766, -0.44952933490276337, 0.7012771368026733, 0.8364789932966232], [-0.1980265974998474, 0.23864123225212097, -1.3264600038528442, -0.4495804011821747, 0.7023755609989166, 0.841500848531723], [-0.20167911052703857, 0.2374754548072815, -1.273564338684082, -0.45030996203422546, 0.7023183703422546, 0.960652232170105], [-0.20046764612197876, 0.2390023022890091, -1.249021291732788, -0.45287996530532837, 0.7017102986574173, 0.884242594242096]], "data_reduce_dim": [[1.259364776559237, 1.025188976523804, 5.528806046268478, 0.27867705708660573, -0.2416074076339747, -0.5141070245382184], [1.025188976523804, 4.374198509995877, 0.34316040167479667, -3.415572347633405, 5.749493443092673, 5.974328692334941], [5.528806046268478, 0.34316040167479667, 29.35119245063399, 5.514405532262183, -8.072179261817084, -9.884221474007608], [0.27867705708660573, -3.415572347633405, 5.514405532262183, 3.814945677039619, -6.179462555426357, -6.681064953382299], [-0.2416074076339747, 5.749493443092673, -8.072179261817084, -6.179462555426357, 10.04694874690828, 10.837107319280396], [-0.5141070245382184, 5.974328692334941, -9.884221474007608, -6.681064953382299, 10.837107319280396, 12.242506367200043]], "joints_tracked_reference": [0], "joints_tracked": [15, 16], "joints_trigger_reference": [9], "joints_trigger": [4, 8, 12, 16, 20], "par_trigger_dist": 0.025, "par_trigger_length": 15, "time_gest": 4.026869535446167, "time_classifier": 0.0}, {"answer_predict": "F", "data_pose_track": [[0.36084747314453125, 0.7650024741888046, 1.10873082280159, -0.3982793986797333, 0.716295525431633, 0.5167958736419678], [0.3598891496658325, 0.7734664380550385, 1.0546968579292297, -0.3984009027481079, 0.7142845094203949, 0.5097036361694336], [0.36231619119644165, 0.775725781917572, 0.9396817684173584, -0.39933478832244873, 0.7147396206855774, 0.5454248785972595], [0.35562705993652344, 0.766531452536583, 0.9903348088264465, -0.40053561329841614, 0.7105360478162766, 0.6067333221435547], [0.34885793924331665, 0.7659701108932495, 1.3207104802131653, -0.40444399416446686, 0.7214887738227844, 0.7642174959182739], [0.10193395614624023, 0.573991596698761, 0.03873336315155029, -0.40947555005550385, 0.7198611497879028, 0.9720548987388611], [-0.08788561820983887, 0.37495385110378265, -0.9890433549880981, -0.41309140622615814, 0.7201704233884811, 1.494671031832695], [-0.17616549134254456, 0.2685399055480957, -1.2860074043273926, -0.43271587789058685, 0.7169182598590851, 0.7600095272064209], [-0.1959936022758484, 0.25541143119335175, -1.2221640348434448, -0.441507950425148, 0.7136798053979874, 0.7519594728946686], [-0.19270089268684387, 0.25665174424648285, -1.3218929171562195, -0.44570665061473846, 0.7063964754343033, 0.8796032816171646], [-0.19826409220695496, 0.24901431798934937, -1.2400593757629395, -0.4457268863916397, 0.708175539970398, 0.6181682795286179], [-0.19679483771324158, 0.24863086640834808, -1.3699977397918701, -0.44542230665683746, 0.7077362984418869, 0.9201056733727455], [-0.1980019509792328, 0.24711285531520844, -1.313593327999115, -0.44556888937950134, 0.7068129926919937, 0.7998127415776253], [-0.19724717736244202, 0.24786728620529175, -1.365108072757721, -0.44581034779548645, 0.7063557505607605, 0.6686594784259796], [-0.20007330179214478, 0.24744929373264313, -1.3221871256828308, -0.44651520252227783, 0.7063149958848953, 0.6063261330127716], [-0.20264041423797607, 0.2450573891401291, -1.1972832679748535, -0.44719888269901276, 0.7063008695840836, 0.6830423474311829], [-0.2038612961769104, 0.2463349848985672, -1.3495524525642395, -0.44788771867752075, 0.7042441815137863, 0.8832121957093477], [-0.21030211448669434, 0.2438109666109085, -1.259910225868225, -0.45226241648197174, 0.7046128958463669, 0.8598748072981834], [-0.20984899997711182, 0.24658754467964172, -1.33643239736557, -0.4524690806865692, 0.7063525319099426, 0.5793507099151611], [-0.208099365234375, 0.24945946037769318, -1.2924469113349915, -0.4523555338382721, 0.7074487954378128, 0.6828819513320923]], "data_reduce_dim": [[1.174241308266014, 0.7535791895845905, 5.386203605278295, 0.43554412583571356, -0.5439274136918599, -0.9113097291886515], [0.7535791895845905, 4.243558646829183, -0.406288417207203, -3.380148218894567, 5.737345169018872, 5.8073512989652665], [5.386203605278295, -0.406288417207203, 28.87480915355045, 5.756339381200077, -8.753179192002374, -10.808664162436141], [0.43554412583571356, -3.380148218894567, 5.756339381200077, 3.7281763660351626, -6.129778763590151, -6.518721008087372], [-0.5439274136918599, 5.737345169018872, -8.753179192002374, -6.129778763590151, 10.109219047694747, 10.743092848593458], [-0.9113097291886515, 5.8073512989652665, -10.808664162436141, -6.518721008087372, 10.743092848593458, 12.343343549147335]], "joints_tracked_reference": [0], "joints_tracked": [15, 16], "joints_trigger_reference": [9], "joints_trigger": [4, 8, 12, 16, 20], "par_trigger_dist": 0.025, "par_trigger_length": 15, "time_gest": 4.036743879318237, "time_classifier": 0.0}, {"answer_predict": "F", "data_pose_track": [[0.38375794887542725, 0.7580004334449768, 1.1113255620002747, -0.38370034098625183, 0.7306249141693115, 0.772767186164856], [0.2412257194519043, 0.6945463716983795, 0.4766697883605957, -0.38713134825229645, 0.7334156334400177, 0.009693622589111328], [-0.046183764934539795, 0.3488912284374237, -1.2544683814048767, -0.40340280532836914, 0.7278408110141754, 0.8459318950772285], [-0.1718612015247345, 0.24435371160507202, -1.1932026147842407, -0.4212164729833603, 0.7262977361679077, 0.41129031777381897], [-0.21309944987297058, 0.22302187979221344, -1.2256742715835571, -0.4505596309900284, 0.7183702439069748, 0.5916251838207245], [-0.21120187640190125, 0.22755523025989532, -1.3313544988632202, -0.4605080485343933, 0.715056523680687, 0.7029033303260803], [-0.20558932423591614, 0.23414675891399384, -1.254704475402832, -0.4613957405090332, 0.7109410017728806, 0.7700489610433578], [-0.21448057889938354, 0.23793290555477142, -1.202128529548645, -0.4694645553827286, 0.7090050727128983, 0.8269857615232468], [-0.21254044771194458, 0.22918500006198883, -1.2921022176742554, -0.46304965019226074, 0.7080821245908737, 0.7182081639766693], [-0.21801117062568665, 0.23378336429595947, -1.3597731590270996, -0.4646025449037552, 0.7079863548278809, 0.7071363031864166], [-0.21904301643371582, 0.22825586795806885, -1.3636064529418945, -0.46373283863067627, 0.7075738608837128, 1.0186568852514029], [-0.22219550609588623, 0.22686560451984406, -1.2966283559799194, -0.46190375089645386, 0.7073848098516464, 0.9490897879004478], [-0.22524434328079224, 0.22687867283821106, -1.3096815347671509, -0.4651443213224411, 0.7075886130332947, 0.8864980638027191], [-0.22484120726585388, 0.2265244424343109, -1.2800155878067017, -0.4653826802968979, 0.7077246904373169, 1.030140383169055], [-0.2227967381477356, 0.2287110835313797, -1.3178048133850098, -0.46404655277729034, 0.7078434377908707, 0.9018923901021481], [-0.2194095253944397, 0.23005440831184387, -1.3509603142738342, -0.4720853269100189, 0.7069687843322754, 0.9764871150255203], [-0.21303266286849976, 0.2301263064146042, -1.3700678944587708, -0.4681229293346405, 0.7048389166593552, 0.8950975723564625], [-0.2217254340648651, 0.228692889213562, -1.3373903036117554, -0.4622756987810135, 0.7027061879634857, 0.7712770104408264], [-0.2197134792804718, 0.2279679775238037, -1.3579960465431213, -0.46507078409194946, 0.6996484696865082, 0.9776560440659523], [-0.21643662452697754, 0.22846320271492004, -1.3875157237052917, -0.4670141637325287, 0.6981137990951538, 0.9648309610784054]], "data_reduce_dim": [[0.9942001372907292, -0.3972519956487104, 5.380388370668067, 1.4649877294822784, -2.1625901849426374, -2.793711716526925], [-0.3972519956487104, 2.0795436625593933, -4.3783368764579285, -2.505639598520974, 4.089772972635687, 4.125915971583266], [5.380388370668067, -4.3783368764579285, 32.16350030258395, 10.160978185614916, -15.49934894103191, -18.730571784368983], [1.4649877294822784, -2.505639598520974, 10.160978185614916, 4.08265713868833, -6.416250881662725, -7.172517951002199], [-2.1625901849426374, 4.089772972635687, -15.49934894103191, -6.416250881662725, 10.13800567629987, 11.164427648263182], [-2.793711716526925, 4.125915971583266, -18.730571784368983, -7.172517951002199, 11.164427648263182, 13.454078892593751]], "joints_tracked_reference": [0], "joints_tracked": [15, 16], "joints_trigger_reference": [9], "joints_trigger": [4, 8, 12, 16, 20], "par_trigger_dist": 0.025, "par_trigger_length": 15, "time_gest": 4.0515055656433105, "time_classifier": 0.0}, {"answer_predict": "F", "data_pose_track": [[0.3475790023803711, 0.7565114200115204, 1.2149741053581238, -0.4028977304697037, 0.7135733664035797, 0.6270233988761902], [0.3486461639404297, 0.7585540860891342, 1.197040617465973, -0.40335996448993683, 0.7129721492528915, 0.721023678779602], [0.33738774061203003, 0.7466783672571182, 0.9900698661804199, -0.40407493710517883, 0.7128516584634781, 0.34405529499053955], [0.19157660007476807, 0.7151798009872437, 0.6695376634597778, -0.4057920575141907, 0.7167237401008606, 0.32967180013656616], [-0.09824013710021973, 0.31947508454322815, -1.128618597984314, -0.4097321629524231, 0.7175584435462952, 0.4271482825279236], [-0.22866788506507874, 0.2237623631954193, -1.2245951890945435, -0.4318368583917618, 0.7175801396369934, 0.4292450547218323], [-0.24256205558776855, 0.22581106424331665, -1.2222288250923157, -0.4490731358528137, 0.7133727669715881, 0.743489682674408], [-0.2409549355506897, 0.22830790281295776, -1.1246191263198853, -0.4602072834968567, 0.7073265314102173, 1.1118862479925156], [-0.2424352765083313, 0.22467240691184998, -1.1623080968856812, -0.4667609632015228, 0.7055095434188843, 1.0047758519649506], [-0.2422008514404297, 0.2282944768667221, -1.2020846605300903, -0.4703782945871353, 0.7051558941602707, 0.9536373242735863], [-0.24834737181663513, 0.2241184264421463, -1.2063181400299072, -0.472940132021904, 0.7053175717592239, 0.7161378860473633], [-0.24404647946357727, 0.22672893106937408, -1.188008725643158, -0.47472724318504333, 0.7044081836938858, 0.8122496008872986], [-0.24361249804496765, 0.2237957864999771, -1.1735559105873108, -0.47404058277606964, 0.7084702104330063, 0.694720596075058], [-0.24693554639816284, 0.2265436053276062, -1.212629497051239, -0.4736233800649643, 0.708698570728302, 0.6537657082080841], [-0.2488047480583191, 0.22671136260032654, -1.456507384777069, -0.4729900658130646, 0.7083388566970825, 0.664655327796936], [-0.24388328194618225, 0.22734078764915466, -1.2700974941253662, -0.4699971377849579, 0.7085487246513367, 0.49771714210510254], [-0.2424411177635193, 0.23037737607955933, -1.2443212866783142, -0.46858927607536316, 0.7051121592521667, 0.772622600197792], [-0.23401474952697754, 0.23365090787410736, -1.2133594155311584, -0.4628950357437134, 0.7019965499639511, 0.8604169338941574], [-0.23122039437294006, 0.23395946621894836, -1.2111871242523193, -0.46341079473495483, 0.7014157474040985, 0.6373599767684937], [-0.23057544231414795, 0.23360857367515564, -1.2513235211372375, -0.4652678072452545, 0.7012979984283447, 0.8041424825787544]], "data_reduce_dim": [[1.272279941772167, 0.06245148324032046, 5.83441408891137, 1.2255743019679364, -1.74828616115601, -2.129344059609485], [0.06245148324032046, 3.0976696724174095, -1.4995092411139197, -2.923264630008034, 4.770343236114192, 4.239748784724049], [5.83441408891137, -1.4995092411139197, 28.167774485773272, 7.3607415336318365, -10.88395494087932, -12.115569408997954], [1.2255743019679364, -2.923264630008034, 7.3607415336318365, 4.067672307398604, -6.378941259981304, -6.281160106516864], [-1.74828616115601, 4.770343236114192, -10.88395494087932, -6.378941259981304, 10.048796042987888, 9.771779202755264], [-2.129344059609485, 4.239748784724049, -12.115569408997954, -6.281160106516864, 9.771779202755264, 10.377138704713143]], "joints_tracked_reference": [0], "joints_tracked": [15, 16], "joints_trigger_reference": [9], "joints_trigger": [4, 8, 12, 16, 20], "par_trigger_dist": 0.025, "par_trigger_length": 15, "time_gest": 4.061542749404907, "time_classifier": 0.0}, {"answer_predict": "F", "data_pose_track": [[0.31497514247894287, 0.7781935334205627, 1.0129547417163849, -0.4250531643629074, 0.7216683030128479, 0.5570194125175476], [0.31669294834136963, 0.7751515507698059, 1.1853145956993103, -0.4256773591041565, 0.7213042974472046, 0.6786140203475952], [0.3160276412963867, 0.7746404856443405, 1.1370930969715118, -0.42670196294784546, 0.7213924378156662, 0.5583258867263794], [0.3186788558959961, 0.7787142992019653, 1.3909683227539062, -0.4286469370126724, 0.7217935919761658, 0.8253276348114014], [0.3184499144554138, 0.7673658132553101, 1.216442734003067, -0.43376749753952026, 0.7207003235816956, 0.5514508485794067], [0.03322941064834595, 0.5059766173362732, -0.3114144802093506, -0.44236114621162415, 0.7144484519958496, 1.1510110194794834], [-0.17713183164596558, 0.25693197548389435, -1.4205878973007202, -0.46083061397075653, 0.70754773914814, 0.9432096853852272], [-0.23320406675338745, 0.2296678125858307, -1.2555744647979736, -0.4747016280889511, 0.7015536427497864, 0.8935444802045822], [-0.2400205135345459, 0.23323367536067963, -1.2944666147232056, -0.48640304803848267, 0.7014313787221909, 1.3271534442901611], [-0.22455695271492004, 0.2368985265493393, -1.3945127129554749, -0.48619672656059265, 0.6981093138456345, 1.0327778086066246], [-0.22490021586418152, 0.23369421064853668, -1.3299986720085144, -0.48409734666347504, 0.6955092996358871, 1.041701152920723], [-0.20502212643623352, 0.2251528948545456, -1.480476200580597, -0.46917857229709625, 0.6937531679868698, 0.9780978981871158], [-0.18098679184913635, 0.2287003993988037, -1.3979291319847107, -0.4479801654815674, 0.691953718662262, 1.0017814934253693], [-0.1557888686656952, 0.23307542502880096, -1.6087305545806885, -0.42873360216617584, 0.6927939504384995, 1.1142391711473465], [-0.16430926322937012, 0.23267848789691925, -1.609296977519989, -0.4295894205570221, 0.6931356340646744, 1.0020721685141325], [-0.17485684156417847, 0.23745958507061005, -1.4491974711418152, -0.4413791745901108, 0.6951121240854263, 1.0144576579332352], [-0.18346244096755981, 0.23942996561527252, -1.4356882572174072, -0.4485072046518326, 0.7009308785200119, 0.7216435372829437], [-0.19409707188606262, 0.23817285895347595, -1.3519590497016907, -0.4543604999780655, 0.6995446085929871, 0.8127630427479744], [-0.20399001240730286, 0.23634076118469238, -1.3504168391227722, -0.45655712485313416, 0.6995866596698761, 0.7483838945627213], [-0.2038346827030182, 0.2365858554840088, -1.407080888748169, -0.4578864425420761, 0.7001581788063049, 0.9181002303957939]], "data_reduce_dim": [[1.0589491458466256, 0.5937319477943879, 5.754562302330102, 0.5829227258771934, -0.7641220725988411, -1.6439281640173382], [0.5937319477943879, 4.035395787361397, -0.21384837785631117, -3.3955546329106903, 5.458261862913003, 6.228970985559848], [5.754562302330102, -0.21384837785631117, 35.33581270944964, 6.656282087972715, -9.741750170521442, -15.702727093418273], [0.5829227258771934, -3.3955546329106903, 6.656282087972715, 4.066250195664304, -6.345328101536715, -8.095434833169616], [-0.7641220725988411, 5.458261862913003, -9.741750170521442, -6.345328101536715, 9.93220517315713, 12.56455242733861], [-1.6439281640173382, 6.228970985559848, -15.702727093418273, -8.095434833169616, 12.56455242733861, 16.81316253324413]], "joints_tracked_reference": [0], "joints_tracked": [15, 16], "joints_trigger_reference": [9], "joints_trigger": [4, 8, 12, 16, 20], "par_trigger_dist": 0.025, "par_trigger_length": 15, "time_gest": 4.082123279571533, "time_classifier": 0.0}, {"answer_predict": "F", "data_pose_track": [[0.4017677903175354, 0.745955154299736, 1.3804805427789688, -0.3723806291818619, 0.6925421208143234, 0.46258294582366943], [0.3984737992286682, 0.7467155605554581, 1.3978033512830734, -0.3761051148176193, 0.6933432370424271, 0.3644510507583618], [0.3974229693412781, 0.7498566657304764, 1.3408001810312271, -0.37748120725154877, 0.6950491219758987, 0.46754205226898193], [0.39661920070648193, 0.7504131942987442, 1.3394657671451569, -0.3789353519678116, 0.6944615989923477, 0.5188090801239014], [0.389191210269928, 0.751403346657753, 1.362222135066986, -0.37944021821022034, 0.6923747211694717, 0.3969916105270386], [0.1526293158531189, 0.5890714228153229, 0.3244122266769409, -0.388739213347435, 0.6929582059383392, 0.6948859095573425], [-0.08467525243759155, 0.3302667587995529, -1.26418137550354, -0.4092348963022232, 0.6935582309961319, 0.48505085706710815], [-0.1496080756187439, 0.2519267648458481, -1.3517515063285828, -0.4316529482603073, 0.6876390427350998, 0.7315433174371719], [-0.1818692684173584, 0.24160335958003998, -1.3711705803871155, -0.4470822662115097, 0.6871244758367538, 0.8616050817072392], [-0.1793813705444336, 0.24676935374736786, -1.3649041652679443, -0.44700561463832855, 0.6828767210245132, 0.9189313463866711], [-0.1870337724685669, 0.24428117275238037, -1.4324254989624023, -0.44655974209308624, 0.6824760138988495, 0.8223118484020233], [-0.1980031132698059, 0.23527875542640686, -1.4125799536705017, -0.4463934302330017, 0.6821608543395996, 0.9566184114664793], [-0.19264286756515503, 0.24511133134365082, -1.3763574361801147, -0.44752149283885956, 0.6829575449228287, 0.9297342412173748], [-0.19148781895637512, 0.24813468754291534, -1.385543167591095, -0.4501747637987137, 0.6836930364370346, 1.0113944187760353], [-0.19533169269561768, 0.24439752101898193, -1.367133915424347, -0.4505758285522461, 0.6869924664497375, 0.8804189823567867], [-0.2000860571861267, 0.2436099648475647, -1.4299494624137878, -0.4525721073150635, 0.6861569285392761, 0.9404883049428463], [-0.19963347911834717, 0.24291232228279114, -1.478685200214386, -0.4551676958799362, 0.6862517297267914, 0.9078494161367416], [-0.19422638416290283, 0.2424578070640564, -1.4202247262001038, -0.4519765228033066, 0.6863920390605927, 0.8698093555867672], [-0.1958274245262146, 0.2446579784154892, -1.488445520401001, -0.45578525960445404, 0.6890998631715775, 0.9585979506373405], [-0.19563287496566772, 0.2453782707452774, -1.4375091791152954, -0.4548882246017456, 0.689190074801445, 0.9458017745055258]], "data_reduce_dim": [[1.2853752615515655, 0.9463833321181636, 6.333880425153713, 0.33371450484152776, -0.2644191577069308, -1.2879018904049768], [0.9463833321181636, 4.036476798553155, 0.4062938097230262, -3.201533514659369, 5.412071676799901, 5.091288642454611], [6.333880425153713, 0.4062938097230262, 36.841421774879976, 6.047848217420224, -8.4800754423288, -13.924519350084957], [0.33371450484152776, -3.201533514659369, 6.047848217420224, 3.650373048957192, -5.862333000697519, -6.574884815889248], [-0.2644191577069308, 5.412071676799901, -8.4800754423288, -5.862333000697519, 9.477285736855915, 10.396537114328735], [-1.2879018904049768, 5.091288642454611, -13.924519350084957, -6.574884815889248, 10.396537114328735, 12.364768576079937]], "joints_tracked_reference": [0], "joints_tracked": [15, 16], "joints_trigger_reference": [9], "joints_trigger": [4, 8, 12, 16, 20], "par_trigger_dist": 0.025, "par_trigger_length": 15, "time_gest": 4.047913551330566, "time_classifier": 0.0}, {"answer_predict": "F", "data_pose_track": [[0.37491703033447266, 0.7657022774219513, 1.2274320423603058, -0.3675781488418579, 0.6971375644207001, 0.5471503138542175], [0.3752254843711853, 0.7666859775781631, 1.2643010020256042, -0.3677472621202469, 0.6994887739419937, 0.5071344971656799], [0.37552177906036377, 0.7642268687486649, 1.2310540825128555, -0.37049558758735657, 0.7013294845819473, 0.5041061639785767], [0.3758394718170166, 0.7689634561538696, 1.2236939072608948, -0.3709414154291153, 0.7013095617294312, 0.5478390455245972], [0.3680230379104614, 0.7553667575120926, 1.2055366337299347, -0.3759641647338867, 0.7006698995828629, 0.4233415126800537], [0.1412220001220703, 0.582860991358757, 0.1900806427001953, -0.3807324022054672, 0.7010731548070908, 0.4608014225959778], [-0.0811651349067688, 0.3057088553905487, -1.1382745504379272, -0.39046718180179596, 0.7009089589118958, 0.48433101177215576], [-0.16976845264434814, 0.24354450404644012, -1.229780375957489, -0.40593457221984863, 0.6967471092939377, 0.6284535527229309], [-0.2070317268371582, 0.2260509878396988, -1.358614206314087, -0.41931861639022827, 0.6977018564939499, 0.6562282741069794], [-0.18514052033424377, 0.23732249438762665, -1.279770016670227, -0.41972821950912476, 0.6968110650777817, 0.721921756863594], [-0.18303054571151733, 0.23327641189098358, -1.2914451360702515, -0.41989539563655853, 0.6952613443136215, 0.8123183995485306], [-0.1871204972267151, 0.2348191887140274, -1.2268698811531067, -0.42217397689819336, 0.6948720663785934, 0.8651789557188749], [-0.189419686794281, 0.23303669691085815, -1.2278790473937988, -0.4272086024284363, 0.6968528628349304, 0.9212454967200756], [-0.19187474250793457, 0.23559647798538208, -1.270549714565277, -0.43065890669822693, 0.6965725719928741, 0.8570951893925667], [-0.18798378109931946, 0.23825830221176147, -1.2320294976234436, -0.43025727570056915, 0.6934593319892883, 0.8597426824271679], [-0.1853446662425995, 0.2396354079246521, -1.273361325263977, -0.4306996315717697, 0.6927766799926758, 0.8364499807357788], [-0.18164727091789246, 0.23802483081817627, -1.1764211058616638, -0.4306398332118988, 0.6926673352718353, 1.0754298269748688], [-0.18175557255744934, 0.23948977887630463, -1.3215051889419556, -0.42755043506622314, 0.6927726119756699, 1.073768250644207], [-0.18062299489974976, 0.2390720546245575, -1.2780624032020569, -0.42805303633213043, 0.6927571296691895, 0.9246292347088456], [-0.1793784499168396, 0.2394772171974182, -1.3411288261413574, -0.428618922829628, 0.6923912167549133, 0.8593615740537643]], "data_reduce_dim": [[1.1732943801898523, 0.9160630365432816, 5.481902948720853, 0.30890394545064215, -0.32373786166144125, -1.0818670305076517], [0.9160630365432816, 4.082031433159379, 0.5573004611160002, -3.0640242262222803, 5.4355941415727225, 4.977975994223753], [5.481902948720853, 0.5573004611160002, 29.89587132566661, 5.102789274766501, -7.826730263624047, -11.411358762441335], [0.30890394545064215, -3.0640242262222803, 5.102789274766501, 3.3291042642280555, -5.672885620593784, -6.020148153505441], [-0.32373786166144125, 5.4355941415727225, -7.826730263624047, -5.672885620593784, 9.707406922941155, 10.136824968092093], [-1.0818670305076517, 4.977975994223753, -11.411358762441335, -6.020148153505441, 10.136824968092093, 11.417178855926103]], "joints_tracked_reference": [0], "joints_tracked": [15, 16], "joints_trigger_reference": [9], "joints_trigger": [4, 8, 12, 16, 20], "par_trigger_dist": 0.025, "par_trigger_length": 15, "time_gest": 4.016690731048584, "time_classifier": 0.0}, {"answer_predict": "F", "data_pose_track": [[0.34728819131851196, 0.7687283903360367, 1.184873789548874, -0.392538920044899, 0.7118073254823685, 0.5092194080352783], [0.3420647382736206, 0.7629454880952835, 1.1484169960021973, -0.3961622565984726, 0.7070715576410294, 0.5337119698524475], [0.34024620056152344, 0.7603002488613129, 1.1266752481460571, -0.3956204205751419, 0.7051484882831573, 0.49397921562194824], [0.3404701352119446, 0.7602726519107819, 1.1474513411521912, -0.40001851320266724, 0.7042976915836334, 0.5026772618293762], [0.34222084283828735, 0.7614930272102356, 1.0700650960206985, -0.40007583796977997, 0.7041466236114502, 0.48025405406951904], [0.3431127667427063, 0.7610070705413818, 0.9974840730428696, -0.40002863109111786, 0.704103946685791, 0.443014919757843], [0.348943829536438, 0.7599025815725327, 1.055722326040268, -0.39371357858181, 0.7034298032522202, 0.4767473340034485], [0.35333895683288574, 0.7583403438329697, 1.0581874251365662, -0.39014770090579987, 0.7026474922895432, 0.48014622926712036], [0.3588545322418213, 0.7592867463827133, 1.0497991740703583, -0.3853718191385269, 0.7025548070669174, 0.5535181760787964], [0.3480449914932251, 0.7597998529672623, 1.0870191603899002, -0.3910803645849228, 0.7040830999612808, 0.4114755392074585], [-0.0010902881622314453, 0.4482715129852295, -0.649293065071106, -0.3933269679546356, 0.6989412903785706, 1.4551623165607452], [-0.1644902527332306, 0.2584470212459564, -1.262002170085907, -0.39654846489429474, 0.6991744041442871, 0.7609139382839203], [-0.2194482982158661, 0.21595756709575653, -1.2794088125228882, -0.41202159225940704, 0.6942953914403915, 0.7556320130825043], [-0.2315203845500946, 0.2201031595468521, -1.2635526657104492, -0.4233873784542084, 0.6945698708295822, 0.8515952825546265], [-0.236966073513031, 0.22087588906288147, -1.2666642665863037, -0.4321780651807785, 0.6928368508815765, 0.9564883708953857], [-0.23821216821670532, 0.22318904101848602, -1.2797038555145264, -0.43610282242298126, 0.6915392726659775, 0.9770329333841801], [-0.23884937167167664, 0.2217143326997757, -1.1805159449577332, -0.4345433861017227, 0.6920225769281387, 0.855734720826149], [-0.23645195364952087, 0.2229948341846466, -1.2551704049110413, -0.43542829155921936, 0.6946031153202057, 0.8689762577414513], [-0.23835891485214233, 0.2203385829925537, -1.255995512008667, -0.43558110296726227, 0.6939436793327332, 0.8293754458427429], [-0.24174362421035767, 0.21929234266281128, -1.2115322947502136, -0.43401218950748444, 0.6944223642349243, 0.8021670430898666]], "data_reduce_dim": [[1.6705972789191295, 2.179155826388071, 6.341742684774458, -0.4905669002896711, 1.0215818409383801, -0.0577553437277194], [2.179155826388071, 6.451394666122946, 5.496600953187083, -4.041155100078398, 7.083757704077351, 6.089623956073042], [6.341742684774458, 5.496600953187083, 26.471011593384308, 0.7457706606253511, -0.5634387060929722, -5.179024787578805], [-0.4905669002896711, -4.041155100078398, 0.7457706606253511, 3.350788382835372, -5.720925384897623, -5.771536907966001], [1.0215818409383801, 7.083757704077351, -0.5634387060929722, -5.720925384897623, 9.794553198774732, 9.775541077744892], [-0.0577553437277194, 6.089623956073042, -5.179024787578805, -5.771536907966001, 9.775541077744892, 11.082164109648215]], "joints_tracked_reference": [0], "joints_tracked": [15, 16], "joints_trigger_reference": [9], "joints_trigger": [4, 8, 12, 16, 20], "par_trigger_dist": 0.025, "par_trigger_length": 15, "time_gest": 4.0593101978302, "time_classifier": 0.0}], "I": [{"answer_predict": "I", "data_pose_track": [[0.3351699113845825, 0.7065900713205338, 0.8997430726885796, -0.5317377746105194, 0.815856471657753, 0.30254143476486206], [0.3367791771888733, 0.7013900279998779, 0.9042795300483704, -0.5325665920972824, 0.8220665454864502, 0.27932292222976685], [0.3401094675064087, 0.6990526765584946, 0.878556102514267, -0.5357046872377396, 0.8211421817541122, 0.4327189326286316], [0.341949999332428, 0.6952295452356339, 0.9301267266273499, -0.5328131392598152, 0.8196250349283218, 0.43335670232772827], [0.3521127700805664, 0.695381373167038, 0.8893991112709045, -0.5135056972503662, 0.8200438320636749, 0.4853748083114624], [0.34231996536254883, 0.6945678889751434, 0.8825806379318237, -0.5073762461543083, 0.8187316954135895, 0.514930248260498], [0.3064877986907959, 0.6894796341657639, 0.6217913031578064, -0.5447307080030441, 0.6313265413045883, 0.4033578038215637], [0.2653166651725769, 0.6954540014266968, 0.15949541330337524, -0.6482293149456382, 0.5385043025016785, 0.2074677050113678], [0.23795056343078613, 0.6927202641963959, 0.1366662085056305, -0.6672617346048355, 0.5249769985675812, -0.3560134172439575], [0.2403004765510559, 0.6854067146778107, 0.21023902297019958, -0.6525937058031559, 0.5233955085277557, -0.37902653217315674], [0.2415149211883545, 0.6862182915210724, 0.5991822183132172, -0.6376384645700455, 0.5338387191295624, 0.1637730598449707], [0.2333696484565735, 0.6829638928174973, 0.5416532754898071, -0.6334985569119453, 0.5370331853628159, 0.0917363166809082], [0.2282886505126953, 0.6829542815685272, 0.37819012999534607, -0.6374683678150177, 0.5464024841785431, 0.14804977178573608], [0.22647696733474731, 0.6784782111644745, 0.5042517483234406, -0.6364937871694565, 0.5479480922222137, 0.21698415279388428], [0.22728866338729858, 0.6706988960504532, 0.7163017690181732, -0.6349658146500587, 0.5481408387422562, 0.15773344039916992], [0.23088866472244263, 0.6738948822021484, 0.6853092461824417, -0.6327598243951797, 0.5511459708213806, 0.08331131935119629], [0.23127198219299316, 0.6696143001317978, 0.6288089603185654, -0.6313032954931259, 0.5502056330442429, 0.05615586042404175], [0.22990381717681885, 0.6684887260198593, 0.5241781771183014, -0.6267196759581566, 0.5501954406499863, 0.0710521936416626], [0.22944778203964233, 0.6719679683446884, 0.6206281781196594, -0.6236585527658463, 0.5542814582586288, 0.14142507314682007], [0.23140114545822144, 0.6714972257614136, 0.5367682576179504, -0.6172312945127487, 0.554749071598053, 0.08233129978179932]], "data_reduce_dim": [[1.5119255467557977, 3.7173562183470334, 3.479432956972106, -3.188950930354375, 3.530148694517747, 1.120696109486028], [3.7173562183470334, 9.40367397507816, 8.41340568790271, -8.204514177795712, 8.666306944923567, 2.4453439503311287], [3.479432956972106, 8.41340568790271, 8.685081447335799, -7.120801012140425, 8.213572880125618, 3.03757688495113], [-3.188950930354375, -8.204514177795712, -7.120801012140425, 7.23061584166971, -7.424299911404401, -1.9190480832240835], [3.530148694517747, 8.666306944923567, 8.213572880125618, -7.424299911404401, 8.265199332524833, 2.6505914925460186], [1.120696109486028, 2.4453439503311287, 3.03757688495113, -1.9190480832240835, 2.6505914925460186, 1.692525245423007]], "joints_tracked_reference": [0], "joints_tracked": [15, 16], "joints_trigger_reference": [9], "joints_trigger": [4, 8, 12, 16, 20], "par_trigger_dist": 0.025, "par_trigger_length": 15, "time_gest": 4.04926609992981, "time_classifier": 0.0}, {"answer_predict": "I", "data_pose_track": [[0.37469226121902466, 0.7062226086854935, 0.6892802119255066, -0.47994454205036163, 0.8292967230081558, 0.5744425058364868], [0.37009257078170776, 0.706603392958641, 0.7685917019844055, -0.48045339435338974, 0.8351127356290817, 0.4809733033180237], [0.36647623777389526, 0.7065500169992447, 0.8000910878181458, -0.4876974821090698, 0.8403588682413101, 0.5073701739311218], [0.3640017509460449, 0.7055027633905411, 0.8175280094146729, -0.4880833178758621, 0.8409880548715591, 0.55887371301651], [0.35612356662750244, 0.7021818906068802, 0.7899343371391296, -0.48574789613485336, 0.8383084088563919, 0.6386259198188782], [0.304012656211853, 0.689219206571579, 0.5793666243553162, -0.5297297574579716, 0.7194301187992096, 0.1116228699684143], [0.2905035614967346, 0.6885927319526672, 0.44347721338272095, -0.5670569017529488, 0.56602543592453, -0.26700735092163086], [0.2615963816642761, 0.6892841160297394, 0.08786219358444214, -0.6388000100851059, 0.5307290852069855, 