{"F": [{"answer_predict": "F", "data_pose_track": [[0.0, 0.0, 0.0, 0.0, 0.0, 0.0], [0.3631039261817932, 0.7293064892292023, 1.2203590273857117, -0.4404192939400673, 0.7015085518360138, 0.5922266244888306], [0.3647635579109192, 0.7321294099092484, 1.0584339052438736, -0.44408535957336426, 0.7012682110071182, 0.3098893165588379], [0.3647352457046509, 0.7319722473621368, 1.0692300498485565, -0.4439539834856987, 0.7019439041614532, 0.30490636825561523], [0.3642846941947937, 0.7347875088453293, 1.1235774978995323, -0.44364774972200394, 0.704789325594902, 0.31540608406066895], [0.359599232673645, 0.7270161211490631, 1.1059496998786926, -0.4554738998413086, 0.7046894133090973, 0.36120015382766724], [0.14829277992248535, 0.5471484363079071, 0.03269362449645996, -0.4744120314717293, 0.7022510468959808, 1.4448144733905792], [-0.00498586893081665, 0.38989029824733734, -0.39999741315841675, -0.49281487613916397, 0.7073929160833359, 1.9530946612358093], [-0.1286330223083496, 0.27360670268535614, -1.1726486682891846, -0.5213518962264061, 0.7127621620893478, 1.2662239372730255], [-0.19299623370170593, 0.23798760771751404, -1.1017194986343384, -0.5368238613009453, 0.7102806270122528, 1.4070907235145569], [-0.21534517407417297, 0.2347455471754074, -1.2085420489311218, -0.542812742292881, 0.7089716643095016, 1.3857948780059814], [-0.20151084661483765, 0.23353007435798645, -1.1690756678581238, -0.5444739907979965, 0.7085074782371521, 1.310674786567688], [-0.20820316672325134, 0.22530008852481842, -1.2271027565002441, -0.5409770011901855, 0.7085564881563187, 1.3099861145019531], [-0.20349261164665222, 0.22494176030158997, -1.1957767009735107, -0.5407005921006203, 0.7087010145187378, 1.3167879283428192], [-0.2151760458946228, 0.22726581990718842, -1.2297179102897644, -0.539739154279232, 0.7057280987501144, 1.2231118381023407], [-0.21442997455596924, 0.23178072273731232, -1.1896899938583374, -0.5389975234866142, 0.7085778564214706, 1.4952139258384705], [-0.21034571528434753, 0.23185627162456512, -1.244524598121643, -0.53870839625597, 0.7076816707849503, 1.396997332572937], [-0.2082269787788391, 0.23373620212078094, -1.2932169437408447, -0.5383649691939354, 0.7077189832925797, 1.3583247363567352], [-0.21484294533729553, 0.23152679204940796, -1.2425580620765686, -0.5383881106972694, 0.707739531993866, 1.4170617163181305], [-0.21759513020515442, 0.23276127874851227, -1.2806376814842224, -0.5386053249239922, 0.7080685049295425, 1.4144165515899658], [-0.21875792741775513, 0.23316368460655212, -1.2585919499397278, -0.5386437177658081, 0.7087534070014954, 1.3393735885620117]], "data_reduce_dim": [[1.2287361374610333, 0.7882877730440141, 5.26286348308966, 0.5506452018471442, -0.49983875978601855, -2.714801659139688], [0.7882877730440141, 3.8419449720731036, 0.2286706172032913, -3.7225585548268256, 5.392113656012322, 7.067929455431322], [5.26286348308966, 0.2286706172032913, 25.66815203538464, 6.2112385776660055, -7.545286088304713, -20.063590169173338], [0.5506452018471442, -3.7225585548268256, 6.2112385776660055, 5.228562450964617, -7.206683184543279, -11.984344835834904], [-0.49983875978601855, 5.392113656012322, -7.545286088304713, -7.206683184543279, 9.991356470376928, 16.220618869347863], [-2.714801659139688, 7.067929455431322, -20.063590169173338, -11.984344835834904, 16.220618869347863, 30.674137684066476]], "joints_tracked_reference": [0], "joints_tracked": [15, 16], "joints_trigger_reference": [9], "joints_trigger": [4, 8, 12, 16, 20], "par_trigger_dist": 0.025, "par_trigger_length": 15, "time_gest": 4.016239166259766, "time_classifier": 0.0}, {"answer_predict": "F", "data_pose_track": [[0.3768947124481201, 0.7375169694423676, 1.1836131066083908, -0.4313722401857376, 0.7085374891757965, 0.37713032960891724], [0.375566303730011, 0.7396321147680283, 1.1072167605161667, -0.4313248470425606, 0.7087813466787338, 0.429251492023468], [0.3682381510734558, 0.736962229013443, 1.1081383526325226, -0.4280833676457405, 0.7082704603672028, 0.3208121061325073], [0.3652319312095642, 0.7318526804447174, 1.1749548017978668, -0.42662760615348816, 0.7107486426830292, 0.26661378145217896], [0.36457186937332153, 0.7364478558301926, 1.2118358463048935, -0.42219339311122894, 0.7101228088140488, 0.3927123546600342], [0.36604833602905273, 0.740169420838356, 1.1347078084945679, -0.4154922515153885, 0.7128944545984268, 0.3982170820236206], [0.3618021607398987, 0.7526134699583054, 1.1392875909805298, -0.3952343538403511, 0.7139828056097031, 0.412746787071228], [0.3004477024078369, 0.640894815325737, 0.5717372894287109, -0.43928859382867813, 0.7131649702787399, -0.10692369937896729], [0.03419148921966553, 0.42909036576747894, -0.42977118492126465, -0.4713846668601036, 0.7147950977087021, 1.347845584154129], [-0.2177911400794983, 0.23384909331798553, -1.445953130722046, -0.5059528574347496, 0.7167040854692459, 0.9030214324593544], [-0.22007790207862854, 0.2335127294063568, -1.3329156041145325, -0.5238176956772804, 0.7167026698589325, 1.3437367677688599], [-0.21227875351905823, 0.23695480823516846, -1.1822700500488281, -0.5340335443615913, 0.717322438955307, 1.3833072781562805], [-0.21492376923561096, 0.23842737078666687, -1.1846458315849304, -0.5420753285288811, 0.7178443670272827, 1.2703215181827545], [-0.21981048583984375, 0.2408091127872467, -1.269576907157898, -0.5444021821022034, 0.7182871997356415, 1.326916515827179], [-0.21174415946006775, 0.24223126471042633, -1.1282141208648682, -0.5428177416324615, 0.7187468558549881, 1.488726794719696], [-0.21161451935768127, 0.24106508493423462, -1.2074995040893555, -0.5425399467349052, 0.7189303934574127, 1.3828629851341248], [-0.2095108926296234, 0.2439531683921814, -1.2044341564178467, -0.5430595055222511, 0.7189088761806488, 1.4610219597816467], [-0.2052251100540161, 0.24216419458389282, -1.2697190046310425, -0.5394628420472145, 0.7191681563854218, 1.2789420783519745], [-0.20444193482398987, 0.24510082602500916, -1.1015602350234985, -0.5446355119347572, 0.7191570997238159, 1.4262542128562927], [-0.1987425982952118, 0.2450302541255951, -1.2478819489479065, -0.5408729463815689, 0.7191060185432434, 1.2956894934177399]], "data_reduce_dim": [[1.5336980758620413, 1.5546528869140457, 5.999015781959461, 0.012948792414769539, 0.3997691251931461, -2.105171963160004], [1.5546528869140457, 5.056463636615341, 2.881050956667555, -4.083531586218994, 6.339161566670237, 5.9339113884480215], [5.999015781959461, 2.881050956667555, 26.645861936584954, 3.830221090326912, -3.9227646758417576, -15.494727063671698], [0.012948792414769539, -4.083531586218994, 3.830221090326912, 4.829549217138318, -6.986685095332971, -9.511480745399117], [0.3997691251931461, 6.339161566670237, -3.9227646758417576, -6.986685095332971, 10.227914853267876, 13.192099071741877], [-2.105171963160004, 5.9339113884480215, -15.494727063671698, -9.511480745399117, 13.192099071741877, 22.332714877810453]], "joints_tracked_reference": [0], "joints_tracked": [15, 16], "joints_trigger_reference": [9], "joints_trigger": [4, 8, 12, 16, 20], "par_trigger_dist": 0.025, "par_trigger_length": 15, "time_gest": 4.050950765609741, "time_classifier": 0.0}, {"answer_predict": "F", "data_pose_track": [[0.36675339937210083, 0.7280306816101074, 1.1850427389144897, -0.43867892771959305, 0.7080135345458984, 0.6205022931098938], [0.3667657971382141, 0.727939561009407, 1.2050502300262451, -0.43945230543613434, 0.7048875838518143, 0.6046028137207031], [0.36428940296173096, 0.7264636158943176, 1.232762724161148, -0.43978968262672424, 0.7050203084945679, 0.6835290789604187], [0.36431020498275757, 0.724431574344635, 1.221355825662613, -0.4399314224720001, 0.7050307989120483, 0.6533210277557373], [0.3671256899833679, 0.7268913984298706, 1.1529150009155273, -0.43716786801815033, 0.7047840356826782, 0.5829154849052429], [0.3739345073699951, 0.7259825617074966, 1.2445824444293976, -0.4104962721467018, 0.7037012726068497, 0.5991451740264893], [0.2649509310722351, 0.6303368806838989, 0.477289617061615, -0.44861626625061035, 0.7101438641548157, 0.108326256275177], [0.02343660593032837, 0.43449217081069946, -0.38386672735214233, -0.47235119342803955, 0.7126400470733643, 1.520460605621338], [-0.20685210824012756, 0.2482190579175949, -1.4528257846832275, -0.48741501569747925, 0.7145737856626511, 1.171800583600998], [-0.21238669753074646, 0.23360204696655273, -1.3794292211532593, -0.49718739837408066, 0.7138972878456116, 1.3301462531089783], [-0.20744222402572632, 0.23135752975940704, -1.2443292140960693, -0.5082587972283363, 0.7140795141458511, 1.4861175119876862], [-0.20940953493118286, 0.23098503053188324, -1.3605704307556152, -0.5121034383773804, 0.7159232050180435, 1.448623925447464], [-0.2102358043193817, 0.23324406147003174, -1.4099621772766113, -0.5180745422840118, 0.71288001537323, 1.5433291792869568], [-0.20155781507492065, 0.2368248850107193, -1.3047893047332764, -0.51829794049263, 0.7126883715391159, 1.475848138332367], [-0.19515421986579895, 0.23900844156742096, -1.272430956363678, -0.5142574831843376, 0.7125508338212967, 1.295983999967575], [-0.20023158192634583, 0.23527398705482483, -1.32876455783844, -0.5145961791276932, 0.7124076783657074, 1.3663980662822723], [-0.20522195100784302, 0.2360103577375412, -1.3068085312843323, -0.520456038415432, 0.7123245745897293, 1.360345035791397], [-0.2047489583492279, 0.2356351763010025, -1.3968220949172974, -0.5205998197197914, 0.7121067494153976, 1.3529671430587769], [-0.2052052617073059, 0.23495709896087646, -1.3769775032997131, -0.5209896489977837, 0.71199831366539, 1.3810700178146362], [-0.20260804891586304, 0.23624715209007263, -1.3398076295852661, -0.5194234028458595, 0.7119160890579224, 1.274733692407608]], "data_reduce_dim": [[1.3847909006939982, 1.1974677665399658, 6.0952770345467115, 0.17495451530751605, 0.003571138880400948, -1.9441312025574584], [1.1974677665399658, 4.422278074590528, 1.5787051314809322, -3.8324580399724226, 5.851010534168691, 7.335548455524083], [6.0952770345467115, 1.5787051314809322, 30.959454958205818, 5.112069266005103, -6.361243021153564, -18.21073087247429], [0.17495451530751605, -3.8324580399724226, 5.112069266005103, 4.711286452607966, -6.879486430094365, -10.851255934273551], [0.003571138880400948, 5.851010534168691, -6.361243021153564, -6.879486430094365, 10.09871297790848, 15.558369266954953], [-1.9441312025574584, 7.335548455524083, -18.21073087247429, -10.851255934273551, 15.558369266954953, 27.43634063158938]], "joints_tracked_reference": [0], "joints_tracked": [15, 16], "joints_trigger_reference": [9], "joints_trigger": [4, 8, 12, 16, 20], "par_trigger_dist": 0.025, "par_trigger_length": 15, "time_gest": 4.047492504119873, "time_classifier": 0.0}, {"answer_predict": "F", "data_pose_track": [[0.3556361794471741, 0.7211937606334686, 1.071311891078949, -0.4561687931418419, 0.7180742919445038, 0.34482866525650024], [0.35423511266708374, 0.7211414873600006, 1.0450272858142853, -0.45589447021484375, 0.7174571454524994, 0.3314549922943115], [0.35524606704711914, 0.7243039160966873, 1.009581208229065, -0.4560394361615181, 0.717119112610817, 0.3820052146911621], [0.3538065552711487, 0.7181363254785538, 0.9680838584899902, -0.45478539913892746, 0.7161223441362381, 0.4276266098022461], [0.3673878312110901, 0.7342837303876877, 1.202672392129898, -0.43725868314504623, 0.7154247015714645, 0.5211551785469055], [0.36236125230789185, 0.7239102274179459, 0.9519374668598175, -0.42300866544246674, 0.7134390026330948, 0.3198871612548828], [0.14297544956207275, 0.531007707118988, -0.1749650239944458, -0.45493894815444946, 0.7202398777008057, 1.043616533279419], [-0.07406061887741089, 0.37585170567035675, -0.9394532442092896, -0.48963796347379684, 0.7182380706071854, 1.2818294167518616], [-0.25318995118141174, 0.24588093161582947, -1.6024483442306519, -0.5120575129985809, 0.7190054059028625, 0.7817705571651459], [-0.27320370078086853, 0.23034527897834778, -1.5335320234298706, -0.5377695932984352, 0.7178662121295929, 1.0356113836169243], [-0.24030634760856628, 0.2362169325351715, -1.5045384168624878, -0.5442536771297455, 0.7170568406581879, 1.334519475698471], [-0.2417825162410736, 0.23532651364803314, -1.4423336386680603, -0.5484458729624748, 0.7165446132421494, 1.378889560699463], [-0.2415991723537445, 0.22897833585739136, -1.5078850388526917, -0.5489803701639175, 0.7164550125598907, 1.3494649529457092], [-0.24308356642723083, 0.2297205626964569, -1.491333246231079, -0.548848420381546, 0.7166987657546997, 1.346853256225586], [-0.2451249659061432, 0.2290041744709015, -1.4933921694755554, -0.5487126633524895, 0.7164671719074249, 1.4509175717830658], [-0.2415890395641327, 0.2322956770658493, -1.551766037940979, -0.547398567199707, 0.7175720185041428, 1.4862455129623413], [-0.2343468964099884, 0.23215152323246002, -1.4081684947013855, -0.5478920117020607, 0.7172575443983078, 1.6635323762893677], [-0.2368515431880951, 0.2298360913991928, -1.401501178741455, -0.541534774005413, 0.7134401947259903, 1.393381416797638], [-0.2422039806842804, 0.2287977933883667, -1.4275320172309875, -0.5453920140862465, 0.7164995968341827, 1.3483976423740387], [-0.24704134464263916, 0.22716465592384338, -1.3890305161476135, -0.544926792383194, 0.7166908085346222, 1.4039944410324097]], "data_reduce_dim": [[1.5171168522726175, 0.9208520172501276, 6.637300955373693, 0.6067903951761293, -0.5188932026497115, -3.007689855151548], [0.9208520172501276, 4.213925099618032, -0.044660532876803494, -3.8797957993897856, 5.759971682966338, 6.421985839209906], [6.637300955373693, -0.044660532876803494, 33.77593373484232, 7.381521557904735, -9.051149658419819, -22.464596996702134], [0.6067903951761293, -3.8797957993897856, 7.381521557904735, 5.187169743701123, -7.272049014708516, -10.838734042197899], [-0.5188932026497115, 5.759971682966338, -9.051149658419819, -7.272049014708516, 10.278485366854099, 14.787237376931202], [-3.007689855151548, 6.421985839209906, -22.464596996702134, -10.838734042197899, 14.787237376931202, 25.47703436355339]], "joints_tracked_reference": [0], "joints_tracked": [15, 16], "joints_trigger_reference": [9], "joints_trigger": [4, 8, 12, 16, 20], "par_trigger_dist": 0.025, "par_trigger_length": 15, "time_gest": 4.0331690311431885, "time_classifier": 0.0}, {"answer_predict": "F", "data_pose_track": [[0.37827950716018677, 0.7301460802555084, 0.9206224977970123, -0.4319915845990181, 0.6973422467708588, 0.3153589963912964], [0.37838149070739746, 0.7293729782104492, 0.9338987171649933, -0.4314909800887108, 0.6972938776016235, 0.3629394769668579], [0.3791351318359375, 0.7220320999622345, 1.0249342918395996, -0.4291647896170616, 0.6971717774868011, 0.586094081401825], [0.3869593143463135, 0.7309382408857346, 1.2241390198469162, -0.42188986390829086, 0.6972426027059555, 0.46470797061920166], [0.3897446095943451, 0.7275379300117493, 1.181746855378151, -0.3992121294140816, 0.6973937749862671, 0.44403964281082153], [0.17710131406784058, 0.5131848901510239, -0.3838460445404053, -0.4442406892776489, 0.7003695219755173, 0.8290355205535889], [-0.21767723560333252, 0.25162436068058014, -1.4319896697998047, -0.49323222786188126, 0.7077772170305252, 0.8833806961774826], [-0.2961784899234772, 0.2044486403465271, -1.4878284931182861, -0.5248424857854843, 0.7104777097702026, 1.084084153175354], [-0.250081866979599, 0.2189527004957199, -1.6275756359100342, -0.5406859144568443, 0.7090656906366348, 1.2898488640785217], [-0.24280288815498352, 0.22486434876918793, -1.4627424478530884, -0.5446452423930168, 0.709957167506218, 1.2471098601818085], [-0.2387392818927765, 0.22376716136932373, -1.5121895670890808, -0.5439523011445999, 0.7099599242210388, 1.4498887658119202], [-0.23837170004844666, 0.21952229738235474, -1.5761525630950928, -0.5396305099129677, 0.7097671627998352, 1.2684595584869385], [-0.23140904307365417, 0.22609733045101166, -1.4515288472175598, -0.5404458791017532, 0.7090833336114883, 1.377295196056366], [-0.23117110133171082, 0.22517836093902588, -1.3977596163749695, -0.5407153442502022, 0.7087401449680328, 1.4988152384757996], [-0.22951385378837585, 0.22483448684215546, -1.4178396463394165, -0.5402178168296814, 0.7086952775716782, 1.4693233966827393], [-0.22840696573257446, 0.22572840750217438, -1.3537185788154602, -0.5395062193274498, 0.7087015956640244, 1.4914681315422058], [-0.22709378600120544, 0.22601985931396484, -1.3853368759155273, -0.5394866243004799, 0.7087640762329102, 1.460673451423645], [-0.2300410270690918, 0.22380170226097107, -1.5583838820457458, -0.5391304418444633, 0.7088915109634399, 1.3957395553588867], [-0.23065832257270813, 0.22375671565532684, -1.4934991002082825, -0.5390593558549881, 0.7091472893953323, 1.2357122302055359], [-0.2274804413318634, 0.22681979835033417, -1.4245033860206604, -0.5397313982248306, 0.7103159576654434, 1.349330484867096]], "data_reduce_dim": [[1.5547090540547543, 0.7392254598185382, 6.843051252884498, 0.8927805974285947, -0.8969210760571533, -3.3965674773911223], [0.7392254598185382, 3.621265208653754, -0.9696837972529408, -3.452073855630453, 5.128355803442724, 6.15697955574423], [6.843051252884498, -0.9696837972529408, 36.14736203918399, 8.976747216009446, -11.180522194338394, -25.150616037063493], [0.8927805974285947, -3.452073855630453, 8.976747216009446, 5.117456844594969, -7.108116865958037, -11.228566677347967], [-0.8969210760571533, 5.128355803442724, -11.180522194338394, -7.108116865958037, 9.963860300763608, 15.217672885995722], [-3.3965674773911223, 6.15697955574423, -25.150616037063493, -11.228566677347967, 15.217672885995722, 26.516978234272074]], "joints_tracked_reference": [0], "joints_tracked": [15, 16], "joints_trigger_reference": [9], "joints_trigger": [4, 8, 12, 16, 20], "par_trigger_dist": 0.025, "par_trigger_length": 15, "time_gest": 4.133049964904785, "time_classifier": 0.0}, {"answer_predict": "F", "data_pose_track": [[0.36933374404907227, 0.7194092273712158, 0.878884881734848, -0.45202357321977615, 0.7010104656219482, 0.37970733642578125], [0.3675693869590759, 0.7229562699794769, 0.9387357831001282, -0.45133111625909805, 0.7011661231517792, 0.2182466983795166], [0.3698604702949524, 0.7226685583591461, 0.9787975251674652, -0.44989804923534393, 0.701288253068924, 0.20551323890686035], [0.37080150842666626, 0.7236285358667374, 0.9718397259712219, -0.4485286697745323, 0.7013033777475357, 0.18044590950012207], [0.3704639673233032, 0.7258210480213165, 1.1328917443752289, -0.4440888613462448, 0.7008991539478302, 0.389562726020813], [0.2846266031265259, 0.6868316829204559, 0.6085423231124878, -0.46806786954402924, 0.7018581330776215, 0.4530130624771118], [-0.06478679180145264, 0.3886718153953552, -1.0539345741271973, -0.5025751069188118, 0.7074164152145386, 1.5319961905479431], [-0.2379378378391266, 0.26963311433792114, -1.7098395824432373, -0.5191581100225449, 0.7153066098690033, 1.273041546344757], [-0.30366095900535583, 0.20478875935077667, -1.613272786140442, -0.527148075401783, 0.7161272317171097, 1.051142379641533], [-0.31415072083473206, 0.20660091936588287, -1.5880699157714844, -0.5362033471465111, 0.7151056975126266, 1.0424497928470373], [-0.3045818507671356, 0.2118293046951294, -1.6448827981948853, -0.5411372110247612, 0.7148756384849548, 0.8789557665586472], [-0.2634277045726776, 0.2185429483652115, -1.540655791759491, -0.5463008880615234, 0.7173244506120682, 1.4092734456062317], [-0.2502499520778656, 0.2237323522567749, -1.5776057839393616, -0.5477110892534256, 0.7175442576408386, 1.1862697899341583], [-0.2497885823249817, 0.22643424570560455, -1.57365083694458, -0.5509983897209167, 0.721810594201088, 1.204688549041748], [-0.252771258354187, 0.22534824907779694, -1.6099576950073242, -0.5512004494667053, 0.7216115146875381, 1.2363322079181671], [-0.2504856288433075, 0.22766104340553284, -1.6349035501480103, -0.5521658957004547, 0.7180051803588867, 1.3566619157791138], [-0.25149813294410706, 0.22830767929553986, -1.5968928933143616, -0.5529641509056091, 0.7174270898103714, 1.2639509439468384], [-0.2520228624343872, 0.22872671484947205, -1.5676793456077576, -0.5572788119316101, 0.7205338180065155, 1.466294288635254], [-0.2543337047100067, 0.22977960109710693, -1.5783459544181824, -0.5597937405109406, 0.7174949049949646, 1.324502021074295], [-0.2536870539188385, 0.23083002865314484, -1.608453094959259, -0.5604976266622543, 0.7187506705522537, 1.1437365263700485]], "data_reduce_dim": [[1.6854030274224332, 0.734312684448549, 7.5662077210043215, 0.9464576400995848, -1.0183208631999112, -3.6157044790787247], [0.734312684448549, 3.9001418000234906, -1.1538908459376103, -3.742006517250606, 5.396141573837844, 5.485401288264313], [7.5662077210043215, -1.1538908459376103, 39.76422544815729, 9.42897117111755, -11.844434312486658, -25.350363925008736], [0.9464576400995848, -3.742006517250606, 9.42897117111755, 5.362845324933974, -7.357418923386798, -10.260671167339638], [-1.0183208631999112, 5.396141573837844, -11.844434312486658, -7.357418923386798, 10.149870146800017, 13.735402551694166], [-3.6157044790787247, 5.485401288264313, -25.350363925008736, -10.260671167339638, 13.735402551694166, 22.579038688041603]], "joints_tracked_reference": [0], "joints_tracked": [15, 16], "joints_trigger_reference": [9], "joints_trigger": [4, 8, 12, 16, 20], "par_trigger_dist": 0.025, "par_trigger_length": 15, "time_gest": 4.047617197036743, "time_classifier": 0.0}, {"answer_predict": "F", "data_pose_track": [[0.33728986978530884, 0.7316253632307053, 1.1538355946540833, -0.47562863677740097, 0.7115328758955002, 0.4809642434120178], [0.33363622426986694, 0.7346280068159103, 1.2287647128105164, -0.4759977236390114, 0.7117928713560104, 0.4233946204185486], [0.3308277726173401, 0.7354304492473602, 1.29860848095268, -0.47616420686244965, 0.7119064629077911, 0.37750786542892456], [0.3303631544113159, 0.7353527843952179, 1.2707172373775393, -0.47623932361602783, 0.7120850384235382, 0.3700377345085144], [0.35391902923583984, 0.738176628947258, 1.1255189776420593, -0.4536813944578171, 0.7109240144491196, 0.2925049662590027], [0.3532335162162781, 0.7295444458723068, 0.9694635570049286, -0.4343152642250061, 0.7123542875051498, 0.3564879894256592], [0.35378772020339966, 0.6757153868675232, 0.6837608516216278, -0.46534813940525055, 0.712637722492218, -0.04586982727050781], [0.053218960762023926, 0.42363591492176056, -0.46617215871810913, -0.4921259433031082, 0.7185731679201126, 1.4099056720733643], [-0.19030407071113586, 0.2694416493177414, -1.544289231300354, -0.512905515730381, 0.719218984246254, 1.2640869915485382], [-0.2815885543823242, 0.2299223095178604, -1.6516050100326538, -0.5323125943541527, 0.7181902080774307, 0.5926158428192139], [-0.278045654296875, 0.22543753683567047, -1.5646895170211792, -0.5376981124281883, 0.7138117998838425, 0.9540068283677101], [-0.22872141003608704, 0.24020043015480042, -1.321026861667633, -0.532566711306572, 0.7148179709911346, 1.3638307452201843], [-0.21225637197494507, 0.2436940222978592, -1.290170133113861, -0.5317449793219566, 0.7143712192773819, 1.2476835250854492], [-0.21446621417999268, 0.24486368894577026, -1.210704267024994, -0.5342706516385078, 0.7164205014705658, 1.388568490743637], [-0.21883833408355713, 0.24527865648269653, -1.1919102668762207, -0.5381264090538025, 0.7158367931842804, 1.377172976732254], [-0.2147752046585083, 0.24512553215026855, -1.2717166543006897, -0.5393726453185081, 0.7123481929302216, 1.2449084520339966], [-0.21463912725448608, 0.24455375969409943, -1.2021921873092651, -0.5399664416909218, 0.7148748487234116, 1.3384109139442444], [-0.21316903829574585, 0.24790948629379272, -1.1502122282981873, -0.5410906746983528, 0.7147314250469208, 1.388453185558319], [-0.21574020385742188, 0.24783143401145935, -1.1485097408294678, -0.5425131693482399, 0.7147190570831299, 1.3336963653564453], [-0.21941673755645752, 0.2472117692232132, -1.1354387402534485, -0.5435618609189987, 0.7143597453832626, 1.3905304670333862]], "data_reduce_dim": [[1.4380913064741794, 1.1014110613941406, 6.170209784612696, 0.30852002322444716, -0.190891880979001, -2.4532279791695073], [1.1014110613941406, 4.587128432476489, 1.6136489952842625, -4.14208648165555, 6.0180898207035485, 5.907287625768423], [6.170209784612696, 1.6136489952842625, 29.88460422796048, 5.010444242994545, -6.051652236110999, -17.035586881418354], [0.30852002322444716, -4.14208648165555, 5.010444242994545, 5.201525044734048, -7.2690572574220695, -9.720674822062975], [-0.190891880979001, 6.0180898207035485, -6.051652236110999, -7.2690572574220695, 10.203897757050019, 13.263276582603545], [-2.4532279791695073, 5.907287625768423, -17.035586881418354, -9.720674822062975, 13.263276582603545, 21.974589489901344]], "joints_tracked_reference": [0], "joints_tracked": [15, 16], "joints_trigger_reference": [9], "joints_trigger": [4, 8, 12, 16, 20], "par_trigger_dist": 0.025, "par_trigger_length": 15, "time_gest": 4.032351970672607, "time_classifier": 0.0}, {"answer_predict": "F", "data_pose_track": [[0.349598228931427, 0.71649369597435, 1.0904738903045654, -0.47428055852651596, 0.7101298272609711, 0.4650123119354248], [0.3592093586921692, 0.7230734676122665, 1.1004754900932312, -0.46783964335918427, 0.709849402308464, 0.43107515573501587], [0.3562304973602295, 0.7204102873802185, 1.0583203434944153, -0.46630340069532394, 0.7133148908615112, 0.43588805198669434], [0.3573399782180786, 0.7217732816934586, 0.9497482478618622, -0.4619620814919472, 0.7153905183076859, 0.41971874237060547], [0.3775307536125183, 0.7302902638912201, 1.2449986040592194, -0.4413464143872261, 0.710563987493515, 0.672782838344574], [0.36368489265441895, 0.720107913017273, 0.9962802529335022, -0.4394712820649147, 0.7137742638587952, 0.5279651284217834], [0.11049944162368774, 0.4789966493844986, -0.3782994747161865, -0.4627119451761246, 0.7140054255723953, 1.8077263832092285], [-0.1796143352985382, 0.28448301553726196, -1.4898306131362915, -0.49771784991025925, 0.714655339717865, 1.2528607845306396], [-0.23284336924552917, 0.25157833099365234, -1.5499020218849182, -0.5129557177424431, 0.714484691619873, 1.2131126523017883], [-0.21217584609985352, 0.2371368408203125, -1.2785037159919739, -0.5214935392141342, 0.7085077464580536, 1.5254713892936707], [-0.18786349892616272, 0.23908454179763794, -1.165683388710022, -0.5190984681248665, 0.7085423171520233, 1.4865177273750305], [-0.20117226243019104, 0.23742538690567017, -1.247656762599945, -0.5285919904708862, 0.7068016827106476, 1.4326034486293793], [-0.213764488697052, 0.2356504201889038, -1.0247747302055359, -0.5480171740055084, 0.7095927000045776, 1.5141875743865967], [-0.2247544229030609, 0.23373442888259888, -0.9381857514381409, -0.555341824889183, 0.7089237570762634, 1.4114417731761932], [-0.23017385601997375, 0.23427529633045197, -1.0082173943519592, -0.5602875277400017, 0.7084896117448807, 1.4625101685523987], [-0.23323699831962585, 0.23177912831306458, -1.1109721660614014, -0.5623993426561356, 0.7081503570079803, 1.3902800679206848], [-0.23468375205993652, 0.23145388066768646, -1.0119550824165344, -0.5644355714321136, 0.7083951085805893, 1.366262137889862], [-0.23826730251312256, 0.23327702283859253, -1.1276692748069763, -0.5666322633624077, 0.7088208794593811, 1.3488187193870544], [-0.23289012908935547, 0.23625880479812622, -1.071925163269043, -0.5650096237659454, 0.708028256893158, 1.3918527364730835], [-0.23105648159980774, 0.23603634536266327, -1.0691688060760498, -0.5641858503222466, 0.7082327455282211, 1.3678065240383148]], "data_reduce_dim": [[1.42316950657548, 0.9322786900010476, 5.577165785219192, 0.5122280543619959, -0.40355336509814155, -2.714205069423918], [0.9322786900010476, 4.109741360824376, 0.8211794579462044, -3.901830945434712, 5.642299057855668, 7.352300673072959], [5.577165785219192, 0.8211794579462044, 25.048731891244262, 5.382657201031794, -6.395814354394661, -18.449104354585366], [0.5122280543619959, -3.901830945434712, 5.382657201031794, 5.32450635038794, -7.301645829154437, -12.063573152453449], [-0.40355336509814155, 5.642299057855668, -6.395814354394661, -7.301645829154437, 10.094433045108524, 16.2756673974663], [-2.714205069423918, 7.352300673072959, -18.449104354585366, -12.063573152453449, 16.2756673974663, 30.24881550892446]], "joints_tracked_reference": [0], "joints_tracked": [15, 16], "joints_trigger_reference": [9], "joints_trigger": [4, 8, 12, 16, 20], "par_trigger_dist": 0.025, "par_trigger_length": 15, "time_gest": 4.03305983543396, "time_classifier": 0.0}, {"answer_predict": "F", "data_pose_track": [[0.33445054292678833, 0.7337705940008163, 0.966084748506546, -0.48440027981996536, 0.7084020227193832, 0.3836352825164795], [0.33613908290863037, 0.735808476805687, 0.9948140382766724, -0.48245809972286224, 0.7090873569250107, 0.37395840883255005], [0.34479397535324097, 0.7347567528486252, 1.0338624119758606, -0.475729264318943, 0.7068900316953659, 0.35808712244033813], [0.3516803979873657, 0.7353838086128235, 1.0086118876934052, -0.468140073120594, 0.7080945372581482, 0.3754344582557678], [0.3443141579627991, 0.7471019327640533, 0.9775546789169312, -0.46015603840351105, 0.7092675864696503, 0.3020322322845459], [0.2860410213470459, 0.7391680330038071, 0.7396712303161621, -0.46576185524463654, 0.7102569192647934, 0.49669528007507324], [-0.0011376738548278809, 0.4537821561098099, -0.4141262173652649, -0.48413369059562683, 0.7112812548875809, 1.233059287071228], [-0.148157000541687, 0.3182142525911331, -1.3964315056800842, -0.5045472234487534, 0.7111739963293076, 1.2735867500305176], [-0.2658136188983917, 0.22765609622001648, -1.643316626548767, -0.5265561938285828, 0.710985392332077, 1.1761282533407211], [-0.25071054697036743, 0.23129688203334808, -1.4855691194534302, -0.536076083779335, 0.7110653668642044, 1.2446100115776062], [-0.21916627883911133, 0.2415846884250641, -1.2623000741004944, -0.5364648476243019, 0.7110686600208282, 1.3301649689674377], [-0.2227703034877777, 0.23956434428691864, -1.2530383467674255, -0.5370422378182411, 0.7112434953451157, 1.3381893336772919], [-0.21566110849380493, 0.24409231543540955, -1.2669472098350525, -0.5371152013540268, 0.7112498581409454, 1.3060050010681152], [-0.22535422444343567, 0.24104639887809753, -1.2233861684799194, -0.5412743464112282, 0.7112226188182831, 1.378919631242752], [-0.2333916425704956, 0.24422587454319, -1.3520019054412842, -0.5469527319073677, 0.7113551050424576, 1.3604527115821838], [-0.23359498381614685, 0.24099217355251312, -1.3057883381843567, -0.5483032837510109, 0.7141520529985428, 1.2310962677001953], [-0.2392934262752533, 0.24180343747138977, -1.3062721490859985, -0.5530638918280602, 0.7140097618103027, 1.3503225147724152], [-0.2321576476097107, 0.24316783249378204, -1.2892717123031616, -0.5484100431203842, 0.7140129953622818, 1.3466517329216003], [-0.23213770985603333, 0.24229125678539276, -1.2661142945289612, -0.5484646484255791, 0.7141521126031876, 1.32272669672966], [-0.22803860902786255, 0.24552173912525177, -1.2962197065353394, -0.5443199127912521, 0.7141111940145493, 1.280978262424469]], "data_reduce_dim": [[1.3442858133434736, 0.754088758748543, 5.860159280997223, 0.647026160727014, -0.6840773138507292, -3.081242143378702], [0.754088758748543, 4.265272653222923, -0.23924855855339633, -4.035586493292958, 5.739658920584692, 6.420098274546384], [5.860159280997223, -0.23924855855339633, 28.990924707682268, 6.838184424969901, -8.596255589648116, -20.896243597485025], [0.647026160727014, -4.035586493292958, 6.838184424969901, 5.356357138799729, -7.346877493512921, -10.816018014882545], [-0.6840773138507292, 5.739658920584692, -8.596255589648116, -7.346877493512921, 10.114890455691596, 14.566160214716131], [-3.081242143378702, 6.420098274546384, -20.896243597485025, -10.816018014882545, 14.566160214716131, 24.529858733532]], "joints_tracked_reference": [0], "joints_tracked": [15, 16], "joints_trigger_reference": [9], "joints_trigger": [4, 8, 12, 16, 20], "par_trigger_dist": 0.025, "par_trigger_length": 15, "time_gest": 4.065332889556885, "time_classifier": 0.0}, {"answer_predict": "F", "data_pose_track": [[0.36609578132629395, 0.7292291522026062, 1.0389130115509033, -0.4545883238315582, 0.6979978084564209, 0.3212087154388428], [0.36757659912109375, 0.731782928109169, 0.9763304591178894, -0.45406077802181244, 0.6981915980577469, 0.2100595235824585], [0.36788421869277954, 0.728855773806572, 0.996463879942894, -0.4542190805077553, 0.6981719583272934, 0.23062145709991455], [0.36845076084136963, 0.7294449657201767, 0.9420259296894073, -0.45340094715356827, 0.6981881707906723, 0.2554810047149658], [0.361733078956604, 0.72600357234478, 1.0632379055023193, -0.4488848000764847, 0.6981533616781235, 0.45742297172546387], [0.3597620725631714, 0.7238305360078812, 1.0168932676315308, -0.4525899216532707, 0.702441468834877, 0.4342993497848511], [0.14901351928710938, 0.6142719388008118, 0.24087917804718018, -0.4560021087527275, 0.7052412033081055, 0.8238972723484039], [-0.06614041328430176, 0.38697297871112823, -0.8508970737457275, -0.47131572663784027, 0.706162765622139, 1.560388207435608], [-0.17878642678260803, 0.2841736674308777, -1.403696060180664, -0.49358750879764557, 0.7040127217769623, 1.4479036331176758], [-0.184673011302948, 0.23456209897994995, -1.3393187522888184, -0.5015081763267517, 0.7036813795566559, 1.4914869666099548], [-0.16997352242469788, 0.23202507197856903, -1.1659567952156067, -0.5028693303465843, 0.7032199949026108, 1.58451509475708], [-0.17199966311454773, 0.22895771265029907, -1.0764014720916748, -0.5043586567044258, 0.7046639919281006, 1.4913586974143982], [-0.17549455165863037, 0.23699401319026947, -1.1322962641716003, -0.5104583725333214, 0.7052696496248245, 1.510005533695221], [-0.18307450413703918, 0.23631413280963898, -1.0891095995903015, -0.514599621295929, 0.7053971737623215, 1.5411293506622314], [-0.18841832876205444, 0.23557527363300323, -1.0979217290878296, -0.5194384306669235, 0.705477848649025, 1.6248372197151184], [-0.1900554597377777, 0.23571805655956268, -1.0797188878059387, -0.5221093222498894, 0.7054855972528458, 1.5985354781150818], [-0.1898423135280609, 0.23735488951206207, -1.1366231441497803, -0.522998221218586, 0.7053572684526443, 1.534924864768982], [-0.18948116898536682, 0.23914441466331482, -1.17852383852005, -0.5232781544327736, 0.7051660120487213, 1.549051582813263], [-0.18778547644615173, 0.23962068557739258, -1.149123728275299, -0.5227006748318672, 0.7050493061542511, 1.5530190467834473], [-0.18592455983161926, 0.2406386286020279, -1.1311747431755066, -0.5222248286008835, 0.7056992799043655, 1.5042636394500732]], "data_reduce_dim": [[1.2293478818975574, 1.134725451776767, 4.852496826833664, 0.09820893909384942, 0.042314518149997316, -2.658407373784188], [1.134725451776767, 4.402645020594138, 0.8440872140453619, -3.9198176058641296, 5.79063779714587, 6.919700889921898], [4.852496826833664, 0.8440872140453619, 23.262094426141214, 4.727118270601925, -6.067595651398691, -20.62935020370722], [0.09820893909384942, -3.9198176058641296, 4.727118270601925, 4.824591943665818, -6.895918563823159, -11.439801881542031], [0.042314518149997316, 5.79063779714587, -6.067595651398691, -6.895918563823159, 9.888620845273623, 16.0092727820342], [-2.658407373784188, 6.919700889921898, -20.62935020370722, -11.439801881542031, 16.0092727820342, 32.11386422434195]], "joints_tracked_reference": [0], "joints_tracked": [15, 16], "joints_trigger_reference": [9], "joints_trigger": [4, 8, 12, 16, 20], "par_trigger_dist": 0.025, "par_trigger_length": 15, "time_gest": 4.045616626739502, "time_classifier": 0.0}], "I": [{"answer_predict": "I", "data_pose_track": [[0.0, 0.0, 0.0, 0.0, 0.0, 0.0], [0.32975172996520996, 0.678636759519577, 0.7816362977027893, -0.5120949447154999, 0.7727635204792023, 0.2580169439315796], [0.32713502645492554, 0.6795495748519897, 0.7146222591400146, -0.5081322565674782, 0.772785484790802, 0.2810961604118347], [0.3293902277946472, 0.6801203787326813, 0.6854622960090637, -0.5031350180506706, 0.7730378210544586, 0.3228073716163635], [0.32968735694885254, 0.6802433431148529, 0.6782028079032898, -0.501379519701004, 0.7728278338909149, 0.3047942519187927], [0.328249990940094, 0.6771196275949478, 0.760230302810669, -0.5004189535975456, 0.7598517090082169, 0.3211296796798706], [0.338004469871521, 0.6758932173252106, 0.9638822078704834, -0.49709992855787277, 0.6732271015644073, -0.31923341751098633], [0.3195491433143616, 0.6699222475290298, 1.1173571646213531, -0.4945145472884178, 0.5444973260164261, -0.24740374088287354], [0.2602694630622864, 0.6619474291801453, 0.2521519958972931, -0.5886159241199493, 0.45065200328826904, -0.4312570095062256], [0.22049683332443237, 0.6629223525524139, 0.03883206844329834, -0.626295417547226, 0.44836536049842834, -0.27293407917022705], [0.2083861231803894, 0.6571609228849411, -0.028766393661499023, -0.6167273819446564, 0.4629933089017868, 0.19923332333564758], [0.1973300576210022, 0.6463185250759125, 0.008800804615020752, -0.6142906695604324, 0.4802246391773224, 0.19178009033203125], [0.19455045461654663, 0.6456476897001266, 0.2747517228126526, -0.6037964522838593, 0.49000678956508636, 0.46318861842155457], [0.1852073073387146, 0.6457696408033371, 0.2714892029762268, -0.6005285084247589, 0.49242953956127167, 0.44796231389045715], [0.1836097240447998, 0.6472551375627518, 0.265541136264801, -0.5987372249364853, 0.49632807075977325, 0.3711361587047577], [0.18641984462738037, 0.6479741781949997, 0.3024694323539734, -0.5960098654031754, 0.4944630116224289, 0.348935604095459], [0.18005472421646118, 0.6497296094894409, 0.21712976694107056, -0.6027854979038239, 0.49589377641677856, 0.19241076707839966], [0.1820240020751953, 0.6526012718677521, 0.24401450157165527, -0.6059478223323822, 0.4969541132450104, 0.12158465385437012], [0.18634039163589478, 0.6528177708387375, 0.28125011920928955, -0.6049608886241913, 0.496771439909935, 0.2383570671081543], [0.18757140636444092, 0.6531920433044434, 0.24807822704315186, -0.6034036576747894, 0.49572527408599854, 0.22647404670715332], [0.18771493434906006, 0.6532139629125595, 0.2481103539466858, -0.6013935506343842, 0.4920685738325119, 0.1641995906829834]], "data_reduce_dim": [[1.2670865395094069, 3.2295198978129687, 2.3811314249404916, -2.7048199451596195, 2.902922607266211, 0.6900087750690549], [3.2295198978129687, 8.739222690543297, 5.566451219207285, -7.509704707587675, 7.537589903401439, 2.0872224210909947], [2.3811314249404916, 5.566451219207285, 5.493043804246442, -4.436833337551451, 5.330610664236301, 1.0555244754988404], [-2.7048199451596195, -7.509704707587675, -4.436833337551451, 6.524647986702739, -6.354683147571652, -1.8338842706720873], [2.902922607266211, 7.537589903401439, 5.330610664236301, -6.354683147571652, 6.76635476776057, 1.9353219072244743], [0.6900087750690549, 2.0872224210909947, 1.0555244754988404, -1.8338842706720873, 1.9353219072244743, 1.807466784150737]], "joints_tracked_reference": [0], "joints_tracked": [15, 16], "joints_trigger_reference": [9], "joints_trigger": [4, 8, 12, 16, 20], "par_trigger_dist": 0.025, "par_trigger_length": 15, "time_gest": 4.100437641143799, "time_classifier": 0.0}, {"answer_predict": "I", "data_pose_track": [[0.3436996340751648, 0.6648324728012085, 0.8063924312591553, -0.4733606278896332, 0.7479714155197144, 0.2573845386505127], [0.3387894034385681, 0.6670496463775635, 0.9486420750617981, -0.4819372445344925, 0.7452055811882019, 0.36758720874786377], [0.34199953079223633, 0.6688396334648132, 0.9439262747764587, -0.47986703366041183, 0.7477177977561951, 0.31420302391052246], [0.3407316207885742, 0.6694022566080093, 0.9111825823783875, -0.4802157059311867, 0.7445122748613358, 0.08640766143798828], [0.3366248607635498, 0.6664389818906784, 0.7782126665115356, -0.49158016592264175, 0.7195025533437729, 0.1302189826965332], [0.32237595319747925, 0.6611003875732422, 1.0744194388389587, -0.5069244541227818, 0.6365054845809937, 0.5547409057617188], [0.28078722953796387, 0.654035672545433, 0.34194931387901306, -0.604369904845953, 0.47327403724193573, -0.19819051027297974], [0.22870200872421265, 0.6563999503850937, -0.0905684232711792, -0.6781403366476297, 0.4406246989965439, 0.1472972