{"F": [{"answer_predict": "F", "data_pose_track": [[0.34636276960372925, 0.6534720361232758, 1.12289097905159, -0.49867767840623856, 0.7184203565120697, 0.4077337980270386], [0.3516295552253723, 0.6498700827360153, 1.1021319031715393, -0.49724131077528, 0.7186690419912338, 0.3994719386100769], [0.35578155517578125, 0.650661289691925, 1.0538510382175446, -0.4905177503824234, 0.7184562087059021, 0.3870247006416321], [0.35347265005111694, 0.6508912444114685, 1.1425658017396927, -0.48832107335329056, 0.7168309688568115, 0.37011492252349854], [0.35455089807510376, 0.6468418538570404, 1.1918779090046883, -0.487851157784462, 0.7136684954166412, 0.32130545377731323], [0.35455089807510376, 0.6468418538570404, 1.1918779090046883, -0.487851157784462, 0.7136684954166412, 0.32130545377731323], [-0.06954187154769897, 0.2980348467826843, -0.8616839647293091, -0.5265949815511703, 0.7353389859199524, 0.8768831957131624], [-0.15564891695976257, 0.24645695090293884, -1.2057514190673828, -0.545046791434288, 0.7407482266426086, 0.9223441481590271], [-0.20637568831443787, 0.23338742554187775, -1.3542293906211853, -0.5540375411510468, 0.732976958155632, 1.060219258069992], [-0.19431450963020325, 0.23213861882686615, -1.3591340780258179, -0.5606090575456619, 0.7369856685400009, 1.0744614899158478], [-0.2053157389163971, 0.23844878375530243, -1.3066540956497192, -0.5611693039536476, 0.7406075447797775, 0.998228132724762], [-0.21385425329208374, 0.2370140552520752, -1.3677866458892822, -0.5606128945946693, 0.74381023645401, 1.147859901189804], [-0.21559488773345947, 0.24309155344963074, -1.4564204812049866, -0.5639729723334312, 0.7379258573055267, 1.1162611246109009], [-0.20160794258117676, 0.23775596916675568, -1.3610062003135681, -0.5576613321900368, 0.7405440360307693, 1.149497628211975], [-0.20875638723373413, 0.23731164634227753, -1.3252726793289185, -0.5587387159466743, 0.7411857694387436, 1.057771921157837], [-0.20314085483551025, 0.24056988954544067, -1.3370996117591858, -0.5561048686504364, 0.740050733089447, 1.1926176249980927], [-0.20774886012077332, 0.23986588418483734, -1.3687446117401123, -0.5572099983692169, 0.7387519329786301, 1.0384499430656433], [-0.20359772443771362, 0.23985682427883148, -1.3822806477546692, -0.5565868765115738, 0.7379406243562698, 0.9878328144550323], [-0.20124587416648865, 0.23707768321037292, -1.4180132150650024, -0.5529621094465256, 0.7370451092720032, 0.9684134125709534], [-0.2044963836669922, 0.23709367215633392, -1.3976109623908997, -0.5530786216259003, 0.7372453361749649, 1.0935827195644379]], "data_reduce_dim": [[1.2827491745142385, 0.7294758137133481, 6.0260244138534915, 0.45629749391543517, -0.47170154836064615, -2.0753798698390318], [0.7294758137133481, 3.361440701626826, -0.041188433625236165, -3.7999909083066674, 5.303694030913041, 4.987533586487853], [6.0260244138534915, -0.041188433625236165, 32.45440808663359, 6.931008228523763, -8.791137084289431, -17.018590345987768], [0.45629749391543517, -3.7999909083066674, 6.931008228523763, 5.758235425794554, -7.849719710387692, -9.237547436399627], [-0.47170154836064615, 5.303694030913041, -8.791137084289431, -7.849719710387692, 10.719920499469241, 12.42978570147444], [-2.0753798698390318, 4.987533586487853, -17.018590345987768, -9.237547436399627, 12.42978570147444, 16.327830824583526]], "joints_tracked_reference": [0], "joints_tracked": [15, 16], "joints_trigger_reference": [9], "joints_trigger": [4, 8, 12, 16, 20], "par_trigger_dist": 0.025, "par_trigger_length": 15, "time_gest": 4.015784978866577, "time_classifier": 0.0}, {"answer_predict": "F", "data_pose_track": [[0.0, 0.0, 0.0, 0.0, 0.0, 0.0], [0.0, 0.0, 0.0, 0.0, 0.0, 0.0], [0.3450227379798889, 0.6874745637178421, 0.9866263568401337, -0.47507281601428986, 0.6510046869516373, 0.17365717887878418], [0.34074270725250244, 0.6868321448564529, 0.9447868466377258, -0.4807216078042984, 0.6504717022180557, -0.005792975425720215], [0.3322604298591614, 0.6814238280057907, 0.9081294238567352, -0.4834924638271332, 0.6490284651517868, -0.036275267601013184], [0.32259202003479004, 0.6810276061296463, 0.9458920285105705, -0.4849148988723755, 0.6524331122636795, -0.056934356689453125], [0.24033701419830322, 0.6603459268808365, 0.7891269326210022, -0.487238273024559, 0.6545240432024002, -0.032524824142456055], [-0.017768561840057373, 0.39195191860198975, -0.1408178210258484, -0.48992203176021576, 0.6546167135238647, 1.8253214359283447], [-0.12505173683166504, 0.2763071805238724, -0.6967402696609497, -0.5046126544475555, 0.6567905098199844, 1.6003074049949646], [-0.14671456813812256, 0.24189312756061554, -0.7242220640182495, -0.520132303237915, 0.6597787588834763, 1.700834333896637], [-0.1541692018508911, 0.23530085384845734, -0.6934199333190918, -0.5328801721334457, 0.6568954437971115, 1.7194149494171143], [-0.1613277792930603, 0.22755840420722961, -0.5726056098937988, -0.5375677049160004, 0.6578430831432343, 1.7747431993484497], [-0.16417253017425537, 0.2267349809408188, -0.5777450799942017, -0.5396374091506004, 0.6595118194818497, 1.705973744392395], [-0.16874098777770996, 0.2245073765516281, -0.6390373110771179, -0.5415395200252533, 0.6604501456022263, 1.6944944262504578], [-0.16619351506233215, 0.22525565326213837, -0.6429629921913147, -0.5392147153615952, 0.6612376123666763, 1.7378199100494385], [-0.15538957715034485, 0.22394445538520813, -0.6937366127967834, -0.534334234893322, 0.6630094945430756, 1.7426605820655823], [-0.14966261386871338, 0.22461751103401184, -0.7182988524436951, -0.5332085192203522, 0.6626467704772949, 1.8474178910255432], [-0.14630800485610962, 0.22427615523338318, -0.8250320553779602, -0.532369539141655, 0.6614044010639191, 1.8101144433021545], [-0.15229743719100952, 0.22262193262577057, -0.7366594076156616, -0.5329317674040794, 0.6606674939393997, 1.835211157798767], [-0.14896202087402344, 0.224512979388237, -0.7994205355644226, -0.5324254408478737, 0.6606685072183609, 1.8235476613044739], [-0.14751780033111572, 0.22444438934326172, -0.7808030843734741, -0.5320647060871124, 0.6607255637645721, 1.7489475011825562], [-0.1467299461364746, 0.22435735166072845, -0.7830908894538879, -0.5319796055555344, 0.6608723253011703, 1.8464240431785583]], "data_reduce_dim": [[0.8343170332286949, 0.5788929196854693, 2.9609412171200784, 0.38243789561996144, -0.39033763497067087, -3.760780397068549], [0.5788929196854693, 3.2083214867667893, 0.7794843113191496, -3.5443842816410145, 4.599420568529655, 6.402548003089296], [2.9609412171200784, 0.7794843113191496, 11.284754664671201, 3.1171378153100906, -3.638022365559016, -17.595297138277818], [0.38243789561996144, -3.5443842816410145, 3.1171378153100906, 5.363287548559168, -6.806826511188887, -13.992398359823603], [-0.39033763497067087, 4.599420568529655, -3.638022365559016, -6.806826511188887, 8.652501591548738, 17.455615275888732], [-3.760780397068549, 6.402548003089296, -17.595297138277818, -13.992398359823603, 17.455615275888732, 46.616960471763036]], "joints_tracked_reference": [0], "joints_tracked": [15, 16], "joints_trigger_reference": [9], "joints_trigger": [4, 8, 12, 16, 20], "par_trigger_dist": 0.025, "par_trigger_length": 15, "time_gest": 4.030591011047363, "time_classifier": 0.0}, {"answer_predict": "F", "data_pose_track": [[0.3669310212135315, 0.6887330561876297, 0.9512776136398315, -0.4674838036298752, 0.6555904895067215, 0.13836884498596191], [0.3651736378669739, 0.6887310147285461, 0.9564586281776428, -0.4728647395968437, 0.65129554271698, 0.27017974853515625], [0.36290448904037476, 0.6912633627653122, 0.9804465770721436, -0.4725794419646263, 0.6509699672460556, 0.19866037368774414], [0.36410433053970337, 0.6911766678094864, 0.9876172244548798, -0.47203195095062256, 0.653558149933815, 0.14844012260437012], [0.3599918484687805, 0.6872859001159668, 0.890905499458313, -0.47193942219018936, 0.6534466743469238, 0.08863306045532227], [0.3431131839752197, 0.6860751360654831, 0.8547638058662415, -0.4712034836411476, 0.658313438296318, 0.1227259635925293], [0.013605773448944092, 0.42660364508628845, -0.16632837057113647, -0.47240423411130905, 0.6601185500621796, 1.5754966139793396], [-0.1891581118106842, 0.22464372217655182, -0.8968960642814636, -0.5157975479960442, 0.6667251735925674, 1.5022231340408325], [-0.23585033416748047, 0.1901903748512268, -1.5065552592277527, -0.5261028930544853, 0.6688961684703827, 1.3142890334129333], [-0.21438026428222656, 0.19312632083892822, -1.3356846570968628, -0.5300666838884354, 0.6668283343315125, 1.5834670066833496], [-0.21740630269050598, 0.18892313539981842, -1.2026713490486145, -0.5359868034720421, 0.6686668246984482, 1.7848718762397766], [-0.22412285208702087, 0.19180144369602203, -1.3959524631500244, -0.5436092242598534, 0.6700051873922348, 1.4206856489181519], [-0.23264193534851074, 0.19042614102363586, -1.4251380562782288, -0.5472130700945854, 0.670743852853775, 1.4053072929382324], [-0.23570096492767334, 0.19129033386707306, -1.3383727669715881, -0.5506589412689209, 0.6702571958303452, 1.3293359875679016], [-0.23233363032341003, 0.19363141059875488, -1.3617753386497498, -0.5525286644697189, 0.6709339022636414, 1.3938214778900146], [-0.22229492664337158, 0.1944766640663147, -1.27504962682724, -0.5466731786727905, 0.6708846688270569, 1.545310139656067], [-0.22554445266723633, 0.20013509690761566, -1.2389874458312988, -0.55424365401268, 0.6691639572381973, 1.5613287091255188], [-0.22912800312042236, 0.1989457905292511, -1.3299772143363953, -0.5524405241012573, 0.6681937873363495, 1.223475456237793], [-0.22986450791358948, 0.19636180996894836, -1.2807692885398865, -0.5523404628038406, 0.6698215305805206, 1.221949815750122], [-0.23054397106170654, 0.19562484323978424, -1.2769546508789062, -0.5512920841574669, 0.6655402332544327, 1.3831301927566528]], "data_reduce_dim": [[1.4370586409148887, 0.9239908250562041, 5.830926940203026, 0.560702732391922, -0.5301486987691022, -3.8088612170880563], [0.9239908250562041, 3.5303691556234904, 0.5082304884000517, -3.53355152783288, 4.6896934804818295, 5.000177485911473], [5.830926940203026, 0.5082304884000517, 27.439047032532827, 6.594661688374983, -7.71805762324024, -23.46220140337754], [0.560702732391922, -3.53355152783288, 6.594661688374983, 5.390994270689538, -6.883383699422078, -11.32954173599769], [-0.5301486987691022, 4.6896934804818295, -7.71805762324024, -6.883383699422078, 8.81888599802579, 14.160490820504313], [-3.8088612170880563, 5.000177485911473, -23.46220140337754, -11.32954173599769, 14.160490820504313, 29.767858114407478]], "joints_tracked_reference": [0], "joints_tracked": [15, 16], "joints_trigger_reference": [9], "joints_trigger": [4, 8, 12, 16, 20], "par_trigger_dist": 0.025, "par_trigger_length": 15, "time_gest": 4.089088678359985, "time_classifier": 0.0}, {"answer_predict": "F", "data_pose_track": [[0.3863217234611511, 0.7052405327558517, 0.8362965136766434, -0.4399260953068733, 0.6816423982381821, 0.12816494703292847], [0.38707268238067627, 0.7049369663000107, 0.7683044075965881, -0.43868834525346756, 0.6821009963750839, 0.15624463558197021], [0.3882420063018799, 0.7062166482210159, 0.7343159466981888, -0.43751566857099533, 0.6810646206140518, 0.011243641376495361], [0.3888378143310547, 0.7032952904701233, 0.728588804602623, -0.43337608128786087, 0.6828400492668152, -0.15551626682281494], [0.393410325050354, 0.699200227856636, 0.6778372824192047, -0.431011863052845, 0.683635488152504, 0.015412569046020508], [0.2638028860092163, 0.679839476943016, 0.4347819685935974, -0.43776826560497284, 0.6970822066068649, 0.21596091985702515], [-0.0016245245933532715, 0.4223020598292351, -0.3467860817909241, -0.45039913058280945, 0.6998419091105461, 1.3995193839073181], [-0.1847217082977295, 0.2524404749274254, -1.1531218886375427, -0.4935101419687271, 0.6960133537650108, 1.2990341782569885], [-0.2084050178527832, 0.22708828747272491, -1.2118898034095764, -0.5055849775671959, 0.6957350522279739, 1.3237055540084839], [-0.20505666732788086, 0.2312447428703308, -1.2561248540878296, -0.5092883929610252, 0.6961507201194763, 1.3117035627365112], [-0.20367029309272766, 0.23367682844400406, -1.245934545993805, -0.5070638805627823, 0.696041651070118, 1.2772610783576965], [-0.20419561862945557, 0.23599360138177872, -1.2821311950683594, -0.5065806061029434, 0.6953851953148842, 1.2054030299186707], [-0.2036266326904297, 0.23788704723119736, -1.301915168762207, -0.5068832039833069, 0.6950848624110222, 1.2000743746757507], [-0.2058856189250946, 0.2382875680923462, -1.2124784588813782, -0.5086723938584328, 0.6949243247509003, 1.3590720295906067], [-0.20878452062606812, 0.23724231868982315, -1.2598742842674255, -0.5107923299074173, 0.6944746449589729, 1.2281840443611145], [-0.20998898148536682, 0.23676209896802902, -1.186370611190796, -0.5113340616226196, 0.694093368947506, 1.2220299243927002], [-0.2096533477306366, 0.2372441291809082, -1.2563901543617249, -0.5116652250289917, 0.6936916410923004, 1.250111699104309], [-0.20854076743125916, 0.23796863108873367, -1.1933085322380066, -0.5120913833379745, 0.6926560774445534, 1.3183439373970032], [-0.20943334698677063, 0.2367125079035759, -1.1926596760749817, -0.5143676400184631, 0.6917896196246147, 1.2475188374519348], [-0.20943868160247803, 0.2356315702199936, -1.2042602896690369, -0.515058308839798, 0.6910127550363541, 1.319704294204712]], "data_reduce_dim": [[1.3748528672280873, 0.9144936564092858, 4.850670142431363, 0.3968536653313006, -0.34592956375894657, -3.28833866095804], [0.9144936564092858, 3.846315829067982, -0.9915514100824594, -3.588067106234982, 5.307677525614064, 4.76910976806105], [4.850670142431363, -0.9915514100824594, 22.735961314909765, 6.449014642877729, -8.464726088627643, -20.573806846864922], [0.3968536653313006, -3.588067106234982, 6.449014642877729, 4.709717197004827, -6.699867959521294, -9.218620253641882], [-0.34592956375894657, 5.307677525614064, -8.464726088627643, -6.699867959521294, 9.571395146748575, 12.736462152624133], [-3.28833866095804, 4.76910976806105, -20.573806846864922, -9.218620253641882, 12.736462152624133, 23.203107434701423]], "joints_tracked_reference": [0], "joints_tracked": [15, 16], "joints_trigger_reference": [9], "joints_trigger": [4, 8, 12, 16, 20], "par_trigger_dist": 0.025, "par_trigger_length": 15, "time_gest": 4.084639310836792, "time_classifier": 0.0}, {"answer_predict": "F", "data_pose_track": [[0.347623348236084, 0.7261621281504631, 0.6320079565048218, -0.47871680557727814, 0.7074366733431816, 0.2236230969429016], [0.3478018641471863, 0.7254673317074776, 0.6579306721687317, -0.4793402701616287, 0.7070025876164436, 0.19331538677215576], [0.34882938861846924, 0.7247974798083305, 0.6677954494953156, -0.47961311787366867, 0.7072320505976677, 0.24559015035629272], [0.3491094708442688, 0.7254768013954163, 0.6586996018886566, -0.47943777590990067, 0.7070090770721436, 0.21482813358306885], [0.3361358046531677, 0.7206530943512917, 0.5816141366958618, -0.4784246012568474, 0.7068245783448219, 0.28560394048690796], [0.09087371826171875, 0.6356688365340233, 0.28728777170181274, -0.47826770693063736, 0.6941781863570213, 0.3527512550354004], [-0.12073269486427307, 0.3647565022110939, -0.7137097716331482, -0.506216250360012, 0.6968965902924538, 1.6808065176010132], [-0.20954272150993347, 0.26948676258325577, -1.1233317852020264, -0.5244835466146469, 0.6932325437664986, 1.3405833840370178], [-0.22312083840370178, 0.23169996589422226, -1.435078203678131, -0.531092956662178, 0.6915416643023491, 0.9450412690639496], [-0.22720348834991455, 0.22770759463310242, -1.0947765111923218, -0.5420081987977028, 0.6881871521472931, 1.4243836998939514], [-0.22452110052108765, 0.2241167277097702, -1.2067973017692566, -0.5474369302392006, 0.6852742284536362, 1.2898895144462585], [-0.22389620542526245, 0.22248849272727966, -1.0514572858810425, -0.5473480299115181, 0.6854344308376312, 1.4868645668029785], [-0.21825024485588074, 0.2234405279159546, -1.2315725088119507, -0.5412150472402573, 0.6841617226600647, 1.2427605986595154], [-0.22510740160942078, 0.22234506905078888, -1.0657874941825867, -0.5400675758719444, 0.6841091364622116, 1.4499539136886597], [-0.23311945796012878, 0.2225075215101242, -1.1985403299331665, -0.5453205034136772, 0.6834042817354202, 1.3640840649604797], [-0.22706905007362366, 0.22222743928432465, -0.990094006061554, -0.5452502444386482, 0.6834122687578201, 1.6162654757499695], [-0.2344249188899994, 0.22249877452850342, -1.1101109385490417, -0.5502852201461792, 0.6834496259689331, 1.4975195527076721], [-0.23203590512275696, 0.22207200527191162, -1.07621830701828, -0.5498117879033089, 0.6834811270236969, 1.417927622795105], [-0.2325204312801361, 0.2233186513185501, -1.0569981336593628, -0.5508962869644165, 0.6791424602270126, 1.5258497595787048], [-0.2249627411365509, 0.2263191193342209, -1.182858645915985, -0.5465186163783073, 0.6786301583051682, 1.4320589303970337]], "data_reduce_dim": [[1.2847221471041683, 0.5991041124588674, 4.5646613540311805, 0.7842827223508406, -0.8085676814219334, -3.846778429093237], [0.5991041124588674, 3.837784370111197, -1.1379666350128796, -3.8313090258115166, 5.284829508864573, 5.779802597994415], [4.5646613540311805, -1.1379666350128796, 19.70056583318255, 6.739409605687845, -8.191141750329521, -20.70585757155237], [0.7842827223508406, -3.8313090258115166, 6.739409605687845, 5.4694389913822326, -7.214795712488688, -11.381407919924467], [-0.8085676814219334, 5.284829508864573, -8.191141750329521, -7.214795712488688, 9.565530957420206, 14.584417164557758], [-3.846778429093237, 5.779802597994415, -20.70585757155237, -11.381407919924467, 14.584417164557758, 28.570627824292547]], "joints_tracked_reference": [0], "joints_tracked": [15, 16], "joints_trigger_reference": [9], "joints_trigger": [4, 8, 12, 16, 20], "par_trigger_dist": 0.025, "par_trigger_length": 15, "time_gest": 4.050187826156616, "time_classifier": 0.0}, {"answer_predict": "F", "data_pose_track": [[0.36808693408966064, 0.6907754689455032, 0.8969086706638336, -0.44777361303567886, 0.6678295284509659, 0.35525232553482056], [0.3668033480644226, 0.6896626502275467, 0.9237729609012604, -0.44807445257902145, 0.6689925938844681, 0.42492812871932983], [0.3660978674888611, 0.6894527971744537, 0.8679253458976746, -0.4489513486623764, 0.6702189147472382, 0.4210822582244873], [0.3725641965866089, 0.6813479661941528, 0.9521142840385437, -0.44774576276540756, 0.6682774424552917, 0.49285632371902466], [0.37017661333084106, 0.6728029698133469, 0.7052721977233887, -0.44910115003585815, 0.6711697429418564, 0.1207207441329956], [0.26138317584991455, 0.6547476649284363, 0.5563955307006836, -0.4506184160709381, 0.6709243059158325, 0.22495895624160767], [-0.09207862615585327, 0.30584464967250824, -0.5633513927459717, -0.48645541071891785, 0.6685739308595657, 1.6460508108139038], [-0.2130783200263977, 0.18578624725341797, -1.065442144870758, -0.5053107738494873, 0.6607038378715515, 1.5290220975875854], [-0.26407504081726074, 0.16835495829582214, -1.206368327140808, -0.5354363769292831, 0.655363529920578, 1.3180545568466187], [-0.26878780126571655, 0.1698368936777115, -1.2085670232772827, -0.5515764653682709, 0.6514985412359238, 1.3497682213783264], [-0.27777305245399475, 0.1664961874485016, -1.1405674815177917, -0.5638728588819504, 0.652190238237381, 1.4515151977539062], [-0.27348899841308594, 0.16824299097061157, -1.074808120727539, -0.5641638934612274, 0.6507842838764191, 1.4931206703186035], [-0.2746219336986542, 0.16510483622550964, -1.036198914051056, -0.5606979876756668, 0.6527624726295471, 1.5258741974830627], [-0.28389355540275574, 0.16511490941047668, -1.1880093812942505, -0.5728039294481277, 0.6525546610355377, 1.320892095565796], [-0.27998021245002747, 0.1617392599582672, -0.9885903000831604, -0.564473420381546, 0.6535342931747437, 1.481272041797638], [-0.2831871509552002, 0.1626017838716507, -0.9502004981040955, -0.5665775537490845, 0.6532410234212875, 1.4225167632102966], [-0.28415462374687195, 0.16373081505298615, -0.8670393228530884, -0.5672097951173782, 0.6534673720598221, 1.545703113079071], [-0.28198370337486267, 0.16840532422065735, -0.7926284074783325, -0.5713146775960922, 0.6539311707019806, 1.6951442956924438], [-0.2828986942768097, 0.16789895296096802, -0.8081461787223816, -0.5716369599103928, 0.6541768610477448, 1.686391830444336], [-0.28078803420066833, 0.16966494917869568, -0.9538025856018066, -0.5665584802627563, 0.6568984091281891, 1.6834323406219482]], "data_reduce_dim": [[1.7297626497427316, 0.8108693296705742, 5.4150654124759345, 1.0868159026160131, -0.9723803715430432, -4.750466828497656], [0.8108693296705742, 3.234281852381314, 0.9386525360748141, -3.1971718655828263, 4.363100613707057, 5.1728449147075635], [5.4150654124759345, 0.9386525360748141, 18.25732259046548, 5.4803961206318705, -5.77884464198128, -18.90061366166598], [1.0868159026160131, -3.1971718655828263, 5.4803961206318705, 5.505206040044757, -6.876092765728652, -12.616446575732743], [-0.9723803715430432, 4.363100613707057, -5.77884464198128, -6.876092765728652, 8.696154216766928, 15.220249092671242], [-4.750466828497656, 5.1728449147075635, -18.90061366166598, -12.616446575732743, 15.220249092671242, 32.96634834819652]], "joints_tracked_reference": [0], "joints_tracked": [15, 16], "joints_trigger_reference": [9], "joints_trigger": [4, 8, 12, 16, 20], "par_trigger_dist": 0.025, "par_trigger_length": 15, "time_gest": 4.061420202255249, "time_classifier": 0.0}, {"answer_predict": "F", "data_pose_track": [[0.33410465717315674, 0.6581307649612427, 0.8533016443252563, -0.4798429161310196, 0.6456862688064575, 0.15311479568481445], [0.3319782018661499, 0.6659095734357834, 0.8627078533172607, -0.48430687189102173, 0.6461908668279648, 0.24012237787246704], [0.3301488161087036, 0.6688262820243835, 0.8968090713024139, -0.4844314903020859, 0.650351345539093, 0.22576475143432617], [0.3300411105155945, 0.6765135228633881, 0.7932400703430176, -0.48641565442085266, 0.6556542813777924, 0.11293977499008179], [0.33185720443725586, 0.6822810918092728, 0.6712291538715363, -0.47932370007038116, 0.6757128983736038, 0.1928083896636963], [0.07927060127258301, 0.5577989220619202, 0.1924031376838684, -0.46706974506378174, 0.6889103055000305, 0.43405380845069885], [-0.08112496137619019, 0.3522904962301254, -0.6785827279090881, -0.47739146649837494, 0.6869246810674667, 1.5402005910873413], [-0.21413031220436096, 0.23272742331027985, -1.266389548778534, -0.49792779237031937, 0.6875544935464859, 1.2754067778587341], [-0.23041558265686035, 0.20363181829452515, -1.3165825605392456, -0.49667908251285553, 0.6884321868419647, 1.2457743287086487], [-0.20712313055992126, 0.21103419363498688, -1.3220340609550476, -0.4860604852437973, 0.6810201853513718, 1.401395320892334], [-0.20315894484519958, 0.21097224950790405, -1.2543602585792542, -0.4900740459561348, 0.6812147200107574, 1.3709751963615417], [-0.20052126049995422, 0.20771415531635284, -1.2652131915092468, -0.49010103195905685, 0.6805091351270676, 1.36266428232193], [-0.19836187362670898, 0.20938365161418915, -1.3878273367881775, -0.4895460456609726, 0.680726483464241, 1.1884430944919586], [-0.1974973976612091, 0.20730243623256683, -1.2102729678153992, -0.4926735684275627, 0.6806818693876266, 1.3388578295707703], [-0.20086941123008728, 0.2072249948978424, -1.1815624237060547, -0.4972836896777153, 0.6814578771591187, 1.2314082980155945], [-0.20600152015686035, 0.21186122298240662, -1.2015023231506348, -0.5036647468805313, 0.682002991437912, 1.3591675758361816], [-0.20946460962295532, 0.21300671994686127, -1.2483120560646057, -0.5054203420877457, 0.6788329631090164, 1.2886760830879211], [-0.2117091417312622, 0.21361424028873444, -1.1915322542190552, -0.5083813592791557, 0.678856149315834, 1.3292303681373596], [-0.21094417572021484, 0.2127300649881363, -1.3459581136703491, -0.5052287355065346, 0.6767637580633163, 1.2709974646568298], [-0.2080797255039215, 0.21086296439170837, -1.2640636563301086, -0.5057114064693451, 0.680387020111084, 1.4246392250061035]], "data_reduce_dim": [[1.1237091734002815, 0.5557866334890065, 4.839175051561028, 0.5439985340047493, -0.7543671789578257, -3.329449034522826], [0.5557866334890065, 3.2655077542442372, -0.8846853832011647, -3.4166662520406414, 4.696455995962492, 5.021605217762646], [4.839175051561028, -0.8846853832011647, 24.73103242371672, 6.451028819511608, -8.881533955822395, -21.815934127709042], [0.5439985340047493, -3.4166662520406414, 6.451028819511608, 4.83138623284821, -6.638196879082934, -9.887214135622935], [-0.7543671789578257, 4.696455995962492, -8.881533955822395, -6.638196879082934, 9.126793194931588, 13.605442454499961], [-3.329449034522826, 5.021605217762646, -21.815934127709042, -9.887214135622935, 13.605442454499961, 25.26278663273585]], "joints_tracked_reference": [0], "joints_tracked": [15, 16], "joints_trigger_reference": [9], "joints_trigger": [4, 8, 12, 16, 20], "par_trigger_dist": 0.025, "par_trigger_length": 15, "time_gest": 4.074184894561768, "time_classifier": 0.0}, {"answer_predict": "F", "data_pose_track": [[0.3868892192840576, 0.6877583116292953, 0.9736628234386444, -0.4372245594859123, 0.6746997684240341, 0.23370206356048584], [0.3878094553947449, 0.6906440556049347, 1.0121434926986694, -0.4375717267394066, 0.6743932068347931, 0.40901219844818115], [0.3878576159477234, 0.6893605440855026, 1.0185246467590332, -0.436787948012352, 0.6732010096311569, 0.4116206169128418], [0.3887850046157837, 0.6899321526288986, 1.006623923778534, -0.437000036239624, 0.6724010556936264, 0.40837836265563965], [0.3853580355644226, 0.6824300438165665, 0.8126973509788513, -0.43589942902326584, 0.6747707277536392, 0.26826566457748413], [0.29790008068084717, 0.6820830553770065, 0.6929583549499512, -0.45185818523168564, 0.6808287352323532, 0.39265692234039307], [-0.08341288566589355, 0.32217708230018616, -0.4749159812927246, -0.4968678057193756, 0.6806209087371826, 1.4932749271392822], [-0.2613414227962494, 0.17995791137218475, -1.2895182967185974, -0.5332348942756653, 0.6718005686998367, 0.9977761507034302], [-0.29334405064582825, 0.17587564885616302, -1.3239257335662842, -0.5556790679693222, 0.6747797280550003, 1.0635817348957062], [-0.27318963408470154, 0.17979232966899872, -0.9023481607437134, -0.5640832930803299, 0.6710222512483597, 1.6780577898025513], [-0.2816573679447174, 0.17786464095115662, -1.302157998085022, -0.564878910779953, 0.6697706282138824, 1.1719588339328766], [-0.283290833234787, 0.17681555449962616, -1.2359368205070496, -0.5640843957662582, 0.6697595566511154, 1.309850662946701], [-0.2841651439666748, 0.17923873662948608, -1.3237419724464417, -0.566777303814888, 0.6676563024520874, 1.4031529426574707], [-0.27854102849960327, 0.18252646923065186, -1.2567625641822815, -0.5676772594451904, 0.6689662337303162, 1.2425867915153503], [-0.27233004570007324, 0.18617485463619232, -1.395782232284546, -0.566583588719368, 0.6701088398694992, 1.1082790791988373], [-0.274033784866333, 0.1819285899400711, -1.2895068526268005, -0.5648904889822006, 0.6703466922044754, 0.9998706430196762], [-0.2814057767391205, 0.18466274440288544, -1.2880878448486328, -0.5668426305055618, 0.6714620739221573, 0.9714280962944031], [-0.2880125939846039, 0.18469403684139252, -1.2801177501678467, -0.5710183680057526, 0.6714953631162643, 0.9789876937866211], [-0.277656614780426, 0.18780748546123505, -1.2261775135993958, -0.5677427798509598, 0.6717136949300766, 1.1702391505241394], [-0.28111687302589417, 0.18588340282440186, -1.2700374126434326, -0.5721794217824936, 0.6718142330646515, 1.1477892100811005]], "data_reduce_dim": [[1.8602904116450496, 0.8490148949536245, 6.691975411026213, 1.1067988693660653, -0.9840045145097855, -3.5926618713957694], [0.8490148949536245, 3.365751152044263, 0.6605122505118346, -3.3031712979299117, 4.5872353535999, 4.708964161716334], [6.691975411026213, 0.6605122505118346, 26.199534633829913, 7.047172798085201, -7.591752323099434, -17.753591358860426], [1.1067988693660653, -3.3031712979299117, 7.047172798085201, 5.534742762483617, -7.032088939836081, -10.27044841932727], [-0.9840045145097855, 4.5872353535999, -7.591752323099434, -7.032088939836081, 9.047514278680897, 12.673977714141525], [-3.5926618713957694, 4.708964161716334, -17.753591358860426, -10.27044841932727, 12.673977714141525, 21.375818679262274]], "joints_tracked_reference": [0], "joints_tracked": [15, 16], "joints_trigger_reference": [9], "joints_trigger": [4, 8, 12, 16, 20], "par_trigger_dist": 0.025, "par_trigger_length": 15, "time_gest": 4.045876741409302, "time_classifier": 0.0}, {"answer_predict": "F", "data_pose_track": [[0.34095269441604614, 0.676522746682167, 0.972387969493866, -0.48180190473794937, 0.6620304733514786, 0.13014113903045654], [0.3497987389564514, 0.6788472533226013, 1.0242815017700195, -0.4774744510650635, 0.6634896397590637, 0.16504275798797607], [0.3574240207672119, 0.682963564991951, 1.0050826370716095, -0.46861493587493896, 0.6636344343423843, 0.3634449243545532], [0.3692333698272705, 0.6816091239452362, 1.0674595385789871, -0.45515573769807816, 0.6623411476612091, 0.21919548511505127], [0.36821502447128296, 0.6796765178442001, 0.8640603721141815, -0.46159007400274277, 0.6707696169614792, 0.18904328346252441], [0.04071521759033203, 0.4743190258741379, 0.021291613578796387, -0.4627419114112854, 0.6754185408353806, 1.624365508556366], [-0.16747751832008362, 0.2499178946018219, -1.0476120114326477, -0.49391215294599533, 0.6846601665019989, 1.3089988827705383], [-0.21279972791671753, 0.20226015150547028, -1.3876479268074036, -0.5090963840484619, 0.6821486204862595, 1.2242160439491272], [-0.23127275705337524, 0.19732050597667694, -1.5504240989685059, -0.519067570567131, 0.6742794364690781, 1.40250962972641], [-0.23012536764144897, 0.1961180567741394, -1.4413620233535767, -0.5227193236351013, 0.6741763353347778, 1.1730693578720093], [-0.23246675729751587, 0.1980680376291275, -1.272063434123993, -0.5243383944034576, 0.6768579632043839, 1.299127459526062], [-0.23150867223739624, 0.197689026594162, -1.3714948892593384, -0.5295974984765053, 0.6773503720760345, 1.3265312910079956], [-0.23393386602401733, 0.19581438601016998, -1.3410567045211792, -0.5322306007146835, 0.677700474858284, 1.3998321890830994], [-0.2242724597454071, 0.19703133404254913, -1.3784332871437073, -0.5266635566949844, 0.6770831793546677, 1.3498706221580505], [-0.21910163760185242, 0.20121677219867706, -1.392118752002716, -0.526780940592289, 0.6739129275083542, 1.3105099201202393], [-0.22594478726387024, 0.19952701032161713, -1.3834274411201477, -0.5344580560922623, 0.6772795170545578, 1.451174557209015], [-0.2297363579273224, 0.2001284509897232, -1.2566551566123962, -0.5369066819548607, 0.6773859709501266, 1.5980921387672424], [-0.2266564965248108, 0.20075935125350952, -1.3397409915924072, -0.5374766290187836, 0.6772205829620361, 1.4785271286964417], [-0.23163703083992004, 0.19831262528896332, -1.3644925355911255, -0.5426775068044662, 0.6761835664510727, 1.419374704360962], [-0.23618704080581665, 0.1971306949853897, -1.3423298001289368, -0.5452534630894661, 0.6758746951818466, 1.4703190922737122]], "data_reduce_dim": [[1.3450191759473942, 0.6028658154864153, 6.002397946158084, 0.7986950359780607, -0.9074697433780243, -3.8580113913915532], [0.6028658154864153, 3.1115712121466803, -0.4356062578218114, -3.304565054029151, 4.497271413761072, 5.379071946974202], [6.002397946158084, -0.4356062578218114, 30.48310106295697, 7.631914514875557, -9.4853513486119, -24.783921525793374], [0.7986950359780607, -3.304565054029151, 7.631914514875557, 5.208013957593799, -6.86928384656345, -11.391744218393367], [-0.9074697433780243, 4.497271413761072, -9.4853513486119, -6.86928384656345, 9.086020429113447, 14.817661829205445], [-3.8580113913915532, 5.379071946974202, -24.783921525793374, -11.391744218393367, 14.817661829205445, 29.42276920865296]], "joints_tracked_reference": [0], "joints_tracked": [15, 16], "joints_trigger_reference": [9], "joints_trigger": [4, 8, 12, 16, 20], "par_trigger_dist": 0.025, "par_trigger_length": 15, "time_gest": 4.0466814041137695, "time_classifier": 0.0}, {"answer_predict": "F", "data_pose_track": [[0.3675665259361267, 0.7000548541545868, 0.8390258848667145, -0.4579247459769249, 0.6670114099979401, 0.15110760927200317], [0.36353379487991333, 0.6946494877338409, 0.9107698798179626, -0.4607919827103615, 0.6618643701076508, 0.19762855768203735], [0.3605659604072571, 0.6907681375741959, 0.9822546690702438, -0.4601578563451767, 0.6679499298334122, 0.11506187915802002], [0.36110222339630127, 0.6855721026659012, 0.9648007452487946, -0.45967816561460495, 0.6665645986795425, 0.20223069190979004], [0.35909730195999146, 0.6947351098060608, 0.8015702366828918, -0.4633105471730232, 0.6768534779548645, 0.15338993072509766], [0.3430745005607605, 0.699780210852623, 0.6415976583957672, -0.4752921834588051, 0.6869512051343918, 0.26753169298171997], [0.07072019577026367, 0.535593256354332, 0.038070738315582275, -0.48934121429920197, 0.6971005648374557, 0.9901619255542755], [-0.1982896625995636, 0.25965921580791473, -1.0403714776039124, -0.5477373078465462, 0.7016379982233047, 1.141367107629776], [-0.25682106614112854, 0.20334328711032867, -1.5240261554718018, -0.5731470063328743, 0.6943765133619308, 1.185947299003601], [-0.2645414471626282, 0.20143921673297882, -1.5944648385047913, -0.5849593728780746, 0.6903645843267441, 1.3292369842529297], [-0.2645148038864136, 0.19984859228134155, -1.4597198367118835, -0.5937476456165314, 0.6875508725643158, 1.2188609540462494], [-0.251372754573822, 0.200053408741951, -1.4475641250610352, -0.592830590903759, 0.6873505860567093, 1.2332045435905457], [-0.25843989849090576, 0.20183878391981125, -1.4483069777488708, -0.5932468697428703, 0.6867221817374229, 1.1314295530319214], [-0.24333369731903076, 0.19983794540166855, -1.364076316356659, -0.5933505371212959, 0.6860029026865959, 1.2261767387390137], [-0.24781164526939392, 0.2002512291073799, -1.1864107251167297, -0.5969240292906761, 0.6855279579758644, 1.6239099502563477], [-0.25810566544532776, 0.20138626545667648, -1.4347504377365112, -0.5949337631464005, 0.6877559646964073, 1.310782551765442], [-0.26918742060661316, 0.20483901351690292, -1.2694582343101501, -0.6074559986591339, 0.6873347982764244, 1.561708688735962], [-0.26879265904426575, 0.20421965420246124, -1.1370193362236023, -0.6126236096024513, 0.6893730610609055, 1.4975324273109436], [-0.27188006043434143, 0.2029537633061409, -1.1102707386016846, -0.6091169640421867, 0.6906035915017128, 1.5324651002883911], [-0.2679663598537445, 0.20308972150087357, -1.0944443345069885, -0.6094237491488457, 0.6889197006821632, 1.5020788311958313]], "data_reduce_dim": [[1.6321990143391751, 0.8517282568418068, 6.235226313716322, 0.9411309398153316, -0.7938753376606462, -4.029739062746597], [0.8517282568418068, 3.735735210447861, 0.07240581539811153, -3.7786852834348945, 5.019887637806334, 4.885236907030071], [6.235226313716322, 0.07240581539811153, 27.417536476001636, 7.7479034370702635, -8.323649207021939, -21.880579952895776], [0.9411309398153316, -3.7786852834348945, 7.7479034370702635, 6.100765680075405, -7.520416464139568, -11.389032856167725], [-0.7938753376606462, 5.019887637806334, -8.323649207021939, -7.520416464139568, 9.370003039831104, 13.48053236310865], [-4.029739062746597, 4.885236907030071, -21.880579952895776, -11.389032856167725, 13.48053236310865, 25.099129814624458]], "joints_tracked_reference": [0], "joints_tracked": [15, 16], "joints_trigger_reference": [9], "joints_trigger": [4, 8, 12, 16, 20], "par_trigger_dist": 0.025, "par_trigger_length": 15, "time_gest": 4.041737794876099, "time_classifier": 0.0}], "I": [{"answer_predict": "I", "data_pose_track": [[0.0, 0.0, 0.0, 0.0, 0.0, 0.0], [0.38187849521636963, 0.6300810426473618, 0.9098178446292877, -0.4583646133542061, 0.7123681753873825, 0.20638716220855713], [0.3825523853302002, 0.6310249865055084, 0.8464164435863495, -0.46135150641202927, 0.7131665647029877, 0.16702651977539062], [0.38037097454071045, 0.6300165504217148, 0.9343635141849518, -0.4644089564681053, 0.7107881158590317, 0.2504725456237793], [0.3808005452156067, 0.6322646886110306, 1.0605805814266205, -0.4640011638402939, 0.7080282717943192, 0.3301740884780884], [0.38209861516952515, 0.633806437253952, 1.0001204013824463, -0.46244189888238907, 0.7074393928050995, 0.21916210651397705], [0.34350353479385376, 0.6307003349065781, 1.0268445014953613, -0.48983317613601685, 0.5622971504926682, -0.20812201499938965], [0.27767229080200195, 0.6366212964057922, 0.1081797182559967, -0.5496508032083511, 0.45051687955856323, -0.48516958951950073], [0.24151253700256348, 0.6341476589441299, -0.008880048990249634, -0.5532438009977341, 0.4311031252145767, 0.06859293580055237], [0.22121143341064453, 0.6397299021482468, -0.13558238744735718, -0.5524084270000458, 0.45238904654979706, 0.03681379556655884], [0.20330798625946045, 0.6316286623477936, 0.0702362060546875, -0.5501867830753326, 0.4574967920780182, 0.23489078879356384], [0.20061683654785156, 0.632796585559845, 0.1635807752609253, -0.5457682907581329, 0.45851778984069824, 0.22111165523529053], [0.21061861515045166, 0.6346378922462463, 0.30989915132522583, -0.537462055683136, 0.4664321541786194, 0.32656967639923096], [0.20116454362869263, 0.6360411792993546, 0.39206230640411377, -0.5404062122106552, 0.4710782319307327, 0.39365440607070923], [0.20402389764785767, 0.6375282257795334, 0.2567044794559479, -0.5352295339107513, 0.4740433543920517, 0.134638249874115], [0.20355379581451416, 0.6339067667722702, 0.25307852029800415, -0.5459246635437012, 0.4758359044790268, 0.15861159563064575], [0.2097153663635254, 0.635172963142395, 0.27612483501434326, -0.5389056354761124, 0.4785761833190918, 0.27205997705459595], [0.21082615852355957, 0.6352218687534332, 0.31179413199424744, -0.543590635061264, 0.48063310980796814, 0.2026350498199463], [0.21346920728683472, 0.6357714086771011, 0.3180162310600281, -0.5388223975896835, 0.4795440584421158, 0.20799362659454346], [0.21625393629074097, 0.6331415623426437, 0.2725157141685486, -0.5357465147972107, 0.47786228358745575, 0.16857123374938965], [0.21898144483566284, 0.6334548145532608, 0.2892796993255615, -0.5313866585493088, 0.4783345013856888, 0.25264275074005127]], "data_reduce_dim": [[1.508411851407189, 3.347252041855497, 2.7722170334757834, -2.6967107299678044, 2.961317272775971, 0.8017512941043243], [3.347252041855497, 8.036321921855034, 5.47403745443372, -6.59303188211043, 6.745298628771006, 2.0006451701132817], [2.7722170334757834, 5.47403745443372, 6.470800836095069, -4.249969062371507, 5.316900564879262, 1.5671335949856902], [-2.6967107299678044, -6.59303188211043, -4.249969062371507, 5.432667918271603, -5.461250844827804, -1.6224102654180252], [2.961317272775971, 6.745298628771006, 5.316900564879262, -5.461250844827804, 5.890033092351113, 1.758257777525992], [0.8017512941043243, 2.0006451701132817, 1.5671335949856902, -1.6224102654180252, 1.758257777525992, 1.2345857747704176]], "joints_tracked_reference": [0], "joints_tracked": [15, 16], "joints_trigger_reference": [9], "joints_trigger": [4, 8, 12, 16, 20], "par_trigger_dist": 0.025, "par_trigger_length": 15, "time_gest": 4.039374589920044, "time_classifier": 0.0}, {"answer_predict": "I", "data_pose_track": [[0.3973204493522644, 0.6299462914466858, 0.9136199085041881, -0.44467442482709885, 0.7043136358261108, -0.16854286193847656], [0.40423184633255005, 0.6293838173151016, 0.8868074230849743, -0.4384029731154442, 0.7031937390565872, -0.19449889659881592], [0.39490455389022827, 0.6294598579406738, 0.9117739715147763, -0.44317561388015747, 0.7045097351074219, -0.17773693799972534], [0.4013100862503052, 0.6288198679685593, 0.9300212524831295, -0.4378553330898285, 0.7023650854825974, -0.18321585655212402], [0.3713034391403198, 0.6234398037195206, 0.6269108643755317, -0.48822470754384995, 0.6320302039384842, -0.3520956039428711], [0.3548448085784912, 0.6238548457622528, -0.09725642204284668, -0.5219339951872826, 0.5199316442012787, -0.3917003273963928], [0.2689533829689026, 0.6331891119480133, -0.036536216735839844, -0.615936916321516, 0.448891