{"F": [{"answer_predict": "F", "data_pose_track": [[0.0, 0.0, 0.0, 0.0, 0.0, 0.0], [0.0, 0.0, 0.0, 0.0, 0.0, 0.0], [0.3431937098503113, 0.6635520905256271, -0.0044335126876831055, -0.42792537808418274, 0.6393013447523117, -0.2105352282524109], [0.3415840268135071, 0.6636726707220078, 0.0015917420387268066, -0.42482583224773407, 0.6387773603200912, -0.17319273948669434], [0.3420063853263855, 0.6605345606803894, 0.06231015920639038, -0.42324134707450867, 0.6447038650512695, -0.17194998264312744], [0.3413587808609009, 0.6561832129955292, 0.057174861431121826, -0.4212573617696762, 0.6413847506046295, -0.15499913692474365], [0.34454917907714844, 0.6546100676059723, 0.053870439529418945, -0.42243480682373047, 0.6363737881183624, -0.15099185705184937], [0.34733718633651733, 0.6587043851613998, 0.18200096487998962, -0.4360348880290985, 0.6457127183675766, 0.05231797695159912], [0.3496595025062561, 0.6594380885362625, 0.5048677921295166, -0.442911833524704, 0.6449148803949356, 0.1436789631843567], [0.3575589656829834, 0.6687054932117462, 0.5552022457122803, -0.4668889790773392, 0.6345507204532623, 0.050728678703308105], [0.3641470670700073, 0.6663378030061722, 0.3816460967063904, -0.45694632828235626, 0.6302219778299332, -0.06804847717285156], [0.3695501685142517, 0.6628713607788086, 0.3336102068424225, -0.45782069116830826, 0.6212764978408813, -0.0575677752494812], [0.37367790937423706, 0.6665911823511124, 0.4584789574146271, -0.4912908859550953, 0.6325429230928421, 0.15934395790100098], [0.37275028228759766, 0.6619435697793961, 0.40002840757369995, -0.47811880707740784, 0.6304729729890823, 0.1332085132598877], [0.37021058797836304, 0.6650300920009613, 0.4569401741027832, -0.4801114723086357, 0.6259380280971527, -0.009884297847747803], [0.36829638481140137, 0.6653938144445419, 0.40526866912841797, -0.4751107171177864, 0.6230755299329758, -0.1591958999633789], [0.36749738454818726, 0.668239489197731, 0.4958553910255432, -0.47186794877052307, 0.6220359355211258, -0.031870126724243164], [0.3686564564704895, 0.666933074593544, 0.41502660512924194, -0.4648156836628914, 0.617330864071846, -0.08626425266265869], [0.3705940246582031, 0.6649821698665619, 0.30116480588912964, -0.45959412306547165, 0.6114470660686493, -0.2169257402420044], [0.3646814823150635, 0.6095028072595596, 0.044905781745910645, -0.4541698396205902, 0.6096230894327164, -0.342271625995636], [0.364238440990448, 0.5407015383243561, -0.1816805601119995, -0.4382811561226845, 0.6042260825634003, -0.44746577739715576], [0.3587440848350525, 0.5481398701667786, -0.1522970199584961, -0.42329107969999313, 0.6012133955955505, -0.3371332883834839]], "data_reduce_dim": [[2.580531052601046, 4.656793178923475, 1.7401973875717598, -3.241656010322861, 4.505496069316986, -0.740409412387038], [4.656793178923475, 8.440862266685254, 3.2096064256151173, -5.8540383892676005, 8.14980453939339, -1.2656889854138642], [1.7401973875717598, 3.2096064256151173, 2.1735919479538124, -2.231349031887559, 3.0080891951157813, 0.09564161479153022], [-3.241656010322861, -5.8540383892676005, -2.231349031887559, 4.07499889218471, -5.65910791909171, 0.9003527446907116], [4.505496069316986, 8.14980453939339, 3.0080891951157813, -5.65910791909171, 7.885119640863624, -1.2796379177019839], [-0.740409412387038, -1.2656889854138642, 0.09564161479153022, 0.9003527446907116, -1.2796379177019839, 0.7397341191478617]], "joints_tracked_reference": [0], "joints_tracked": [15, 16], "joints_trigger_reference": [9], "joints_trigger": [4, 8, 12, 16, 20], "par_trigger_dist": 0.025, "par_trigger_length": 15, "time_gest": 4.009828090667725, "time_classifier": 0.0}, {"answer_predict": "F", "data_pose_track": [[0.35908591747283936, 0.5578451454639435, -0.2893148362636566, -0.42944739758968353, 0.6224061548709869, -0.46536001563072205], [0.3568483591079712, 0.5584475249052048, -0.21160084009170532, -0.4246649518609047, 0.6162496656179428, -0.47466224431991577], [0.36008012294769287, 0.5653767883777618, -0.2547878324985504, -0.4271640405058861, 0.6236405074596405, -0.5120931565761566], [0.3596988320350647, 0.564677506685257, -0.27095338702201843, -0.4258406460285187, 0.6239895522594452, -0.4966326653957367], [0.3613184690475464, 0.5654858350753784, -0.2724796533584595, -0.4271845072507858, 0.631465494632721, -0.40936803817749023], [0.37193411588668823, 0.5568444281816483, -0.24062079191207886, -0.41082295775413513, 0.6430395990610123, -0.26911091804504395], [0.33673954010009766, 0.5473981201648712, -0.442294716835022, -0.3980939984321594, 0.6607706844806671, -0.21636247634887695], [-0.04492539167404175, 0.32209399342536926, -0.5661618113517761, -0.4112018942832947, 0.681593120098114, 0.6259333193302155], [-0.14684370160102844, 0.25298552215099335, -0.9231777191162109, -0.421645388007164, 0.6612504571676254, 0.18296992778778076], [-0.16496139764785767, 0.2569694519042969, -0.8932824730873108, -0.43308886885643005, 0.6585237383842468, 0.22070828080177307], [-0.16162464022636414, 0.25981511175632477, -0.8815075755119324, -0.42248570919036865, 0.6403936594724655, 0.16841360926628113], [-0.1525062620639801, 0.2623014599084854, -0.8307347297668457, -0.4085371047258377, 0.6463422924280167, 0.2917170822620392], [-0.14384159445762634, 0.26254670321941376, -0.7209394574165344, -0.4029085040092468, 0.6398027986288071, -0.03751814365386963], [-0.13685086369514465, 0.2611272782087326, -0.9148930311203003, -0.39663439989089966, 0.6442736238241196, 0.15346881747245789], [-0.13427865505218506, 0.2549818903207779, -0.883188009262085, -0.3948485851287842, 0.646511122584343, 0.06724202632904053], [-0.1340024471282959, 0.25209976732730865, -0.8104933500289917, -0.3939547687768936, 0.6495717912912369, 0.0398944616317749], [-0.13681229948997498, 0.2532522976398468, -0.7931602001190186, -0.4002886563539505, 0.6646702587604523, -0.01311635971069336], [-0.13855600357055664, 0.2543036788702011, -0.7189272046089172, -0.4088194742798805, 0.6684809476137161, 0.004953891038894653], [-0.1383800506591797, 0.25374601781368256, -0.9133574366569519, -0.4088584706187248, 0.6711331456899643, 0.15231066942214966], [-0.13808876276016235, 0.2510940581560135, -0.8535028696060181, -0.4108191430568695, 0.6700401157140732, 0.01633453369140625]], "data_reduce_dim": [[1.1493171357322627, 0.9448547747128067, 0.7805132416042273, -0.32875742561947385, 0.42081294246221335, -1.235691171606443], [0.9448547747128067, 3.0830771938271893, -3.886654150702557, -3.035859450614138, 4.706809276811037, -1.0714139193968215], [0.7805132416042273, -3.886654150702557, 9.534856256329125, 5.207239738443031, -8.284335971811355, -0.6904320623328983], [-0.32875742561947385, -3.035859450614138, 5.207239738443031, 3.4122121022674494, -5.350491417499123, 0.4289895370640471], [0.42081294246221335, 4.706809276811037, -8.284335971811355, -5.350491417499123, 8.41003032403734, -0.5445454453040499], [-1.235691171606443, -1.0714139193968215, -0.6904320623328983, 0.4289895370640471, -0.5445454453040499, 1.8797431377040335]], "joints_tracked_reference": [0], "joints_tracked": [15, 16], "joints_trigger_reference": [9], "joints_trigger": [4, 8, 12, 16, 20], "par_trigger_dist": 0.025, "par_trigger_length": 15, "time_gest": 4.048443794250488, "time_classifier": 0.0}, {"answer_predict": "F", "data_pose_track": [[0.0, 0.0, 0.0, 0.0, 0.0, 0.0], [0.35006648302078247, 0.5783911049365997, -0.22765082120895386, -0.37293747067451477, 0.5939109027385712, -0.46749556064605713], [0.3520566523075104, 0.5811145454645157, -0.23723095655441284, -0.37277498841285706, 0.5905739814043045, -0.49391305446624756], [0.35360217094421387, 0.5833496898412704, -0.17851954698562622, -0.37267494201660156, 0.589312419295311, -0.5373547673225403], [0.3488868772983551, 0.5813477039337158, -0.18977844715118408, -0.3652448207139969, 0.5750436186790466, -0.5394231081008911], [0.34775203466415405, 0.5780918002128601, -0.13391506671905518, -0.3730699270963669, 0.5885200500488281, -0.4832506775856018], [0.2720549702644348, 0.5091718584299088, -0.30520421266555786, -0.42323945462703705, 0.6232001930475235, -0.03928130865097046], [-0.0846061110496521, 0.30024413764476776, -0.528948962688446, -0.4572618901729584, 0.667831227183342, 0.7049765139818192], [-0.13494619727134705, 0.2586550712585449, -0.7340386509895325, -0.4544268995523453, 0.655085951089859, 0.3241814970970154], [-0.14400094747543335, 0.25783848762512207, -0.7453655004501343, -0.4417399540543556, 0.6650779545307159, 0.4668733775615692], [-0.1350252330303192, 0.25542452931404114, -0.8338732123374939, -0.42664195597171783, 0.662361741065979, 0.2602637708187103], [-0.12688803672790527, 0.25012001395225525, -0.9249022603034973, -0.41434451937675476, 0.6679433882236481, 0.36385029554367065], [-0.12221649289131165, 0.25275886058807373, -0.8933351039886475, -0.41023509949445724, 0.67435222864151, 0.24548038840293884], [-0.12394130229949951, 0.2502288520336151, -0.8727524876594543, -0.4166516065597534, 0.6718003749847412, 0.2517545521259308], [-0.12068784236907959, 0.2544415444135666, -0.8358582854270935, -0.41579321026802063, 0.6768093854188919, 0.3131779432296753], [-0.12394571304321289, 0.25325047969818115, -0.7681143879890442, -0.41715066879987717, 0.669004887342453, 0.15957412123680115], [-0.12326914072036743, 0.25241249799728394, -0.740801990032196, -0.41946712881326675, 0.6627173125743866, 0.15215075016021729], [-0.12082797288894653, 0.250312015414238, -0.753771960735321, -0.4208255335688591, 0.671100303530693, 0.15291884541511536], [-0.12037959694862366, 0.2532784342765808, -0.7593674063682556, -0.4139941409230232, 0.6756657361984253, 0.14584192633628845], [-0.12013715505599976, 0.2496877908706665, -0.7529136538505554, -0.4189571142196655, 0.6765280067920685, 0.12969157099723816], [-0.12295255064964294, 0.249314546585083, -0.7786077857017517, -0.42533569782972336, 0.6765923500061035, 0.08007383346557617]], "data_reduce_dim": [[0.9026922981648786, 0.7155503651855093, 0.9323696110156074, -0.03339196227407615, 0.04530420060297802, -1.3454131118374075], [0.7155503651855093, 2.8656675954619564, -3.5034990192529225, -2.8206818393923907, 4.424185719400221, -0.4993514142801885], [0.9323696110156074, -3.5034990192529225, 8.927140536510578, 5.119004325349129, -8.072969356901648, -2.3358818126125263], [-0.03339196227407615, -2.8206818393923907, 5.119004325349129, 3.402741458795385, -5.339201769819427, -0.6643821235561596], [0.04530420060297802, 4.424185719400221, -8.072969356901648, -5.339201769819427, 8.389809240066317, 1.0013132571117842], [-1.3454131118374075, -0.4993514142801885, -2.3358818126125263, -0.6643821235561596, 1.0013132571117842, 2.6357053395086165]], "joints_tracked_reference": [0], "joints_tracked": [15, 16], "joints_trigger_reference": [9], "joints_trigger": [4, 8, 12, 16, 20], "par_trigger_dist": 0.025, "par_trigger_length": 15, "time_gest": 4.044015645980835, "time_classifier": 0.0}, {"answer_predict": "F", "data_pose_track": [[0.3671601414680481, 0.5733180791139603, -0.21877944469451904, -0.3794335052371025, 0.631675198674202, -0.22549015283584595], [0.3619334399700165, 0.569081649184227, -0.23188573122024536, -0.3807660937309265, 0.6313198655843735, -0.2992247939109802], [0.3614847660064697, 0.5695282369852066, -0.23929893970489502, -0.38079914450645447, 0.6320861130952835, -0.28982043266296387], [0.361966073513031, 0.5687166005373001, -0.2515329122543335, -0.37995582073926926, 0.6326006799936295, -0.2877517342567444], [0.35406962037086487, 0.5617828667163849, -0.2337976098060608, -0.3789692148566246, 0.6257710158824921, -0.2982611656188965], [0.12923699617385864, 0.41464589536190033, -0.440535306930542, -0.3979847878217697, 0.626244530081749, 0.035664916038513184], [-0.129318505525589, 0.2620032876729965, -0.5581033825874329, -0.4327046275138855, 0.6933612078428268, 0.19104182720184326], [-0.1605674922466278, 0.23662374913692474, -0.7087305188179016, -0.4824185147881508, 0.6874595433473587, 0.14373058080673218], [-0.16124534606933594, 0.2298642247915268, -0.7504332661628723, -0.4692447558045387, 0.6729366332292557, -0.03878301382064819], [-0.14872786402702332, 0.23213690519332886, -0.7818965315818787, -0.45758959650993347, 0.6632507741451263, 0.013623058795928955], [-0.13967540860176086, 0.23742984235286713, -0.7931373715400696, -0.44077883660793304, 0.6559053808450699, 0.11333668231964111], [-0.14034897089004517, 0.23246268928050995, -0.8352406620979309, -0.44357752054929733, 0.6552294343709946, 0.06844121217727661], [-0.1359882354736328, 0.23771417140960693, -0.7839151620864868, -0.45207686722278595, 0.6749935746192932, 0.1652112603187561], [-0.1325124204158783, 0.2414156049489975, -0.7286685109138489, -0.4428503289818764, 0.670965239405632, 0.309300035238266], [-0.12880662083625793, 0.24124619364738464, -0.8064233064651489, -0.42416078597307205, 0.6583286821842194, 0.1934097409248352], [-0.12451615929603577, 0.23722463846206665, -0.7931873798370361, -0.4219542220234871, 0.6586577892303467, 0.09007090330123901], [-0.11941754817962646, 0.2387719601392746, -0.7196559906005859, -0.4153374955058098, 0.6534438878297806, 0.05362725257873535], [-0.12018615007400513, 0.24137596786022186, -0.6981849670410156, -0.4149940311908722, 0.6645128577947617, 0.12711957097053528], [-0.11741238832473755, 0.23793426156044006, -0.7074671983718872, -0.41094816476106644, 0.6656458079814911, 0.15805670619010925], [-0.11708670854568481, 0.23715612292289734, -0.7740634083747864, -0.40820813179016113, 0.6520670652389526, 0.08175528049468994]], "data_reduce_dim": [[0.9237408331147607, 0.6332870561650412, 0.9191029614005028, 0.08589043699126964, -0.030297215089946317, -0.719393675809946], [0.6332870561650412, 2.587048116467944, -3.33838232785694, -2.705213714865267, 4.280380351592543, -0.3774564694141356], [0.9191029614005028, -3.33838232785694, 8.31588190489294, 5.18452347516001, -7.963682390013294, -0.9073710098641552], [0.08589043699126964, -2.705213714865267, 5.18452347516001, 3.55960857132859, -5.524532979542407, -0.20738420704269522], [-0.030297215089946317, 4.280380351592543, -7.963682390013294, -5.524532979542407, 8.596579017425633, 0.25624893304248797], [-0.719393675809946, -0.3774564694141356, -0.9073710098641552, -0.20738420704269522, 0.25624893304248797, 0.6929669954451638]], "joints_tracked_reference": [0], "joints_tracked": [15, 16], "joints_trigger_reference": [9], "joints_trigger": [4, 8, 12, 16, 20], "par_trigger_dist": 0.025, "par_trigger_length": 15, "time_gest": 4.036005735397339, "time_classifier": 0.0}, {"answer_predict": "F", "data_pose_track": [[0.0, 0.0, 0.0, 0.0, 0.0, 0.0], [0.3606206476688385, 0.5958128273487091, -0.07902592420578003, -0.33138545602560043, 0.5078831017017365, -0.522854745388031], [0.36124172806739807, 0.5995051711797714, -0.10594445466995239, -0.33073970675468445, 0.5110120624303818, -0.531531810760498], [0.36278682947158813, 0.6052765101194382, -0.06248593330383301, -0.33058518171310425, 0.514533743262291, -0.540647566318512], [0.36430054903030396, 0.5985058546066284, -0.07950770854949951, -0.3309156373143196, 0.5113343596458435, -0.4846245050430298], [0.36430054903030396, 0.5985058546066284, -0.07950770854949951, -0.3309156373143196, 0.5113343596458435, -0.4846245050430298], [-0.03282243013381958, 0.30745653808116913, -0.29499226808547974, -0.4178212732076645, 0.6691808253526688, 0.40338611602783203], [-0.12773770093917847, 0.2486078292131424, -0.8487890064716339, -0.4000961035490036, 0.6238788217306137, -0.2931876480579376], [-0.15088355541229248, 0.2273886650800705, -0.9623411893844604, -0.40678584575653076, 0.6254913061857224, 0.04682576656341553], [-0.1535298228263855, 0.23005421459674835, -0.9770320057868958, -0.4049005061388016, 0.6299666315317154, -0.00031256675720214844], [-0.1570039689540863, 0.22922039031982422, -0.9483442306518555, -0.40554095804691315, 0.6382216811180115, -0.006815314292907715], [-0.14128845930099487, 0.23402416706085205, -0.8413848280906677, -0.40834179520606995, 0.6360022127628326, 0.054379403591156006], [-0.13266226649284363, 0.2331775575876236, -0.761908769607544, -0.41057876497507095, 0.6338876634836197, 0.10456430912017822], [-0.13449087738990784, 0.2330595999956131, -0.7785216569900513, -0.41638021916151047, 0.649545356631279, 0.1167343258857727], [-0.1351495087146759, 0.2396460324525833, -0.8076308965682983, -0.4153563305735588, 0.6551042050123215, 0.11054712533950806], [-0.1447288691997528, 0.23567019402980804, -0.8097239136695862, -0.4301634579896927, 0.6571271270513535, 0.15933632850646973], [-0.1411377191543579, 0.24012400209903717, -0.7792274951934814, -0.4223049134016037, 0.6519129425287247, 0.16956186294555664], [-0.14073053002357483, 0.23882266879081726, -0.781057596206665, -0.42649735510349274, 0.6528584957122803, 0.13324522972106934], [-0.14166608452796936, 0.24311617016792297, -0.8022733330726624, -0.4145822525024414, 0.6528854072093964, 0.054318904876708984], [-0.13891765475273132, 0.2412164807319641, -0.7288148403167725, -0.42069926112890244, 0.6512902677059174, 0.1917252540588379], [-0.14132466912269592, 0.24205482006072998, -0.7328340411186218, -0.4254431203007698, 0.6557097434997559, 0.18313157558441162]], "data_reduce_dim": [[0.9398949648555961, 0.608122545849159, 1.5041997789159822, 0.23549420294513235, -0.3704534624700959, -1.0896866682322752], [0.608122545849159, 2.677689179464034, -3.068539325959352, -2.4962347255701034, 3.8736542095985067, -1.1726975925091927], [1.5041997789159822, -3.068539325959352, 9.753084484250223, 5.046532232591124, -7.839211923437076, -0.6882751980404995], [0.23549420294513235, -2.4962347255701034, 5.046532232591124, 3.1323975833647393, -4.865967065216138, 0.24341099649991182], [-0.3704534624700959, 3.8736542095985067, -7.839211923437076, -4.865967065216138, 7.560008677982869, -0.36743316265682724], [-1.0896866682322752, -1.1726975925091927, -0.6882751980404995, 0.24341099649991182, -0.36743316265682724, 1.7537215742419692]], "joints_tracked_reference": [0], "joints_tracked": [15, 16], "joints_trigger_reference": [9], "joints_trigger": [4, 8, 12, 16, 20], "par_trigger_dist": 0.025, "par_trigger_length": 15, "time_gest": 4.040712356567383, "time_classifier": 0.0}, {"answer_predict": "F", "data_pose_track": [[0.0, 0.0, 0.0, 0.0, 0.0, 0.0], [0.3642059862613678, 0.6083692610263824, -0.01781398057937622, -0.32102351635694504, 0.5643797218799591, -0.39713698625564575], [0.3611256182193756, 0.6065686643123627, -0.03268873691558838, -0.3204084113240242, 0.5654307305812836, -0.4153749942779541], [0.371957391500473, 0.6071465909481049, 0.0016254782676696777, -0.3223094120621681, 0.5635457336902618, -0.4825122356414795], [0.36619845032691956, 0.6004580706357956, 0.023136615753173828, -0.3198297470808029, 0.5569522231817245, -0.41852444410324097], [0.36587291955947876, 0.599555641412735, 0.042493581771850586, -0.3193001374602318, 0.5593114793300629, -0.4342554211616516], [0.37193015217781067, 0.6033353954553604, 0.0404742956161499, -0.319082647562027, 0.5617473274469376, -0.44411444664001465], [0.3767634630203247, 0.6061650216579437, 0.06916999816894531, -0.31828606873750687, 0.5616984069347382, -0.447425901889801], [0.3697231411933899, 0.6042662709951401, -0.03129488229751587, -0.31561464071273804, 0.5605848878622055, -0.3337855935096741], [0.3697231411933899, 0.6042662709951401, -0.03129488229751587, -0.31561464071273804, 0.5605848878622055, -0.3337855935096741], [0.14357054233551025, 0.38392750918865204, -0.2979472875595093, -0.3891792595386505, 0.6467374414205551, 0.11900007724761963], [-0.14261147379875183, 0.2728250324726105, -0.7921326160430908, -0.4992087706923485, 0.7188411355018616, -0.017307788133621216], [-0.1579572558403015, 0.24598458409309387, -1.0303232371807098, -0.45928991585969925, 0.6899215281009674, -0.17351683974266052], [-0.14569821953773499, 0.2503490597009659, -0.9228930771350861, -0.43450238555669785, 0.6955727487802505, 0.030578672885894775], [-0.13751348853111267, 0.25561051070690155, -0.9037579596042633, -0.42295166105031967, 0.7027955204248428, 0.029848217964172363], [-0.12563547492027283, 0.25967150926589966, -0.8873282074928284, -0.40617112815380096, 0.7051893472671509, 0.16602882742881775], [-0.12272447347640991, 0.261356845498085, -0.8594006896018982, -0.39918000996112823, 0.7063910216093063, 0.10046708583831787], [-0.12327718734741211, 0.26170647144317627, -0.8462759256362915, -0.3981795087456703, 0.7085922658443451, 0.14513090252876282], [-0.12440186738967896, 0.26199592649936676, -0.76304030418396, -0.4027707055211067, 0.7146704345941544, 0.1632097065448761], [-0.12699377536773682, 0.26188597083091736, -0.9381273984909058, -0.4035454988479614, 0.7253481149673462, 0.12330436706542969], [-0.12556135654449463, 0.2599960118532181, -0.8759863674640656, -0.40441540628671646, 0.7223912924528122, 0.16106972098350525]], "data_reduce_dim": [[1.422498149558387, 1.715576717195833, 1.1613117027147233, -0.5478598346943668, 1.012034354867981, -1.4356964901351787], [1.715576717195833, 4.107812287496675, -2.357633238584905, -2.98153935443929, 5.141237673541933, -2.0028867072316032], [1.1613117027147233, -2.357633238584905, 7.9302031326668505, 3.8279831769996937, -6.405583561984704, -0.6722537200449015], [-0.5478598346943668, -2.98153935443929, 3.8279831769996937, 2.8669787793301715, -4.862740586523956, 0.8535751619076775], [1.012034354867981, 5.141237673541933, -6.405583561984704, -4.862740586523956, 8.284274069620672, -1.4815518740341487], [-1.4356964901351787, -2.0028867072316032, -0.6722537200449015, 0.8535751619076775, -1.4815518740341487, 1.7199675936020729]], "joints_tracked_reference": [0], "joints_tracked": [15, 16], "joints_trigger_reference": [9], "joints_trigger": [4, 8, 12, 16, 20], "par_trigger_dist": 0.025, "par_trigger_length": 15, "time_gest": 4.0341856479644775, "time_classifier": 0.0}, {"answer_predict": "F", "data_pose_track": [[0.432399183511734, 0.5779305696487427, 0.14683914184570312, -0.306527704000473, 0.6351909637451172, -0.27039748430252075], [0.42935094237327576, 0.5779954493045807, 0.11433595418930054, -0.3081091567873955, 0.6372271478176117, -0.23059260845184326], [0.43579304218292236, 0.5792859941720963, 0.10465669631958008, -0.3076988235116005, 0.637835755944252, -0.33977991342544556], [0.4365871548652649, 0.5798084437847137, 0.10238814353942871, -0.3154645562171936, 0.6555478274822235, -0.24500226974487305], [0.40810444951057434, 0.579937070608139, -0.05083906650543213, -0.3141449838876724, 0.6476801931858063, -0.3808469772338867], [0.40810444951057434, 0.579937070608139, -0.05083906650543213, -0.3141449838876724, 0.6476801931858063, -0.3808469772338867], [-0.08398014307022095, 0.2402810901403427, -0.5884234607219696, -0.40894485265016556, 0.6574223190546036, 0.06962481141090393], [-0.16561871767044067, 0.20988042652606964, -0.7163069844245911, -0.4214027151465416, 0.6511055082082748, -0.08157402276992798], [-0.16316568851470947, 0.2177601307630539, -0.8673850297927856, -0.4127744734287262, 0.6645698398351669, -0.037478864192962646], [-0.14590522646903992, 0.22921574115753174, -0.8453608751296997, -0.39719708263874054, 0.6619577407836914, 0.12204617261886597], [-0.14067912101745605, 0.23091159760951996, -0.8872219920158386, -0.3930855169892311, 0.6602991968393326, 0.13480305671691895], [-0.1280009150505066, 0.23136959969997406, -0.8796040415763855, -0.3833742216229439, 0.6604938060045242, 0.05954086780548096], [-0.12876227498054504, 0.2313314527273178, -0.8632799386978149, -0.3761240169405937, 0.6615482717752457, 0.10602164268493652], [-0.1294933557510376, 0.234506294131279, -0.8757765293121338, -0.3737889677286148, 0.663009986281395, -0.04505044221878052], [-0.12888354063034058, 0.2375640869140625, -0.9019102454185486, -0.37251613289117813, 0.673935055732727, 0.021936416625976562], [-0.12521818280220032, 0.24049486219882965, -0.851499080657959, -0.37191568315029144, 0.6755492836236954, 0.1161772608757019], [-0.12809711694717407, 0.24053320288658142, -0.8335937857627869, -0.37174849957227707, 0.6770951449871063, 0.08244240283966064], [-0.12888604402542114, 0.24221475422382355, -0.8396074771881104, -0.3683772683143616, 0.6838799864053726, 0.13977646827697754], [-0.1289128065109253, 0.2427320033311844, -0.8877007365226746, -0.3685339093208313, 0.6763670891523361, 0.10167914628982544], [-0.12506979703903198, 0.24084968864917755, -0.8554288744926453, -0.36497021466493607, 0.6692369729280472, 0.05699199438095093]], "data_reduce_dim": [[1.33442240140399, 1.0466512368229601, 1.7155702326753222, -0.07957796735469236, 0.40730444939667887, -0.8864323455794718], [1.0466512368229601, 2.777316296810093, -2.5202849924754935, -2.3364730355447416, 4.417533970724273, -0.8666391558349811], [1.7155702326753222, -2.5202849924754935, 9.918755847988422, 4.372719572445623, -7.568239880017316, -0.8090414701387223], [-0.07957796735469236, -2.3364730355447416, 4.372719572445623, 2.6561137983334198, -4.790375912763244, 0.25730629012400574], [0.40730444939667887, 4.417533970724273, -7.568239880017316, -4.790375912763244, 8.712597265577404, -0.6206220753232636], [-0.8864323455794718, -0.8666391558349811, -0.8090414701387223, 0.25730629012400574, -0.6206220753232636, 0.7085413810443102]], "joints_tracked_reference": [0], "joints_tracked": [15, 16], "joints_trigger_reference": [9], "joints_trigger": [4, 8, 12, 16, 20], "par_trigger_dist": 0.025, "par_trigger_length": 15, "time_gest": 4.039188385009766, "time_classifier": 0.0}, {"answer_predict": "F", "data_pose_track": [[0.4207285940647125, 0.5920344144105911, -0.06716835498809814, -0.32699117809534073, 0.672401025891304, -0.34364068508148193], [0.4182308614253998, 0.5902776718139648, -0.12089776992797852, -0.32855578511953354, 0.6787687540054321, -0.3331189751625061], [0.41457122564315796, 0.5901843160390854, -0.13489729166030884, -0.33069659024477005, 0.6777081340551376, -0.3916451930999756], [0.41059610247612, 0.5900401473045349, -0.05947834253311157, -0.3313335180282593, 0.6759674549102783, -0.4197804927825928], [0.3960893750190735, 0.5775693655014038, -0.13120728731155396, -0.3210200145840645, 0.6424885988235474, -0.39227294921875], [0.10011124610900879, 0.35703207552433014, -0.3337057828903198, -0.3579598218202591, 0.6487518101930618, 0.1965203881263733], [-0.09969484806060791, 0.26601752638816833, -0.7272273898124695, -0.37039615213871, 0.6702739000320435, 0.400775539688766], [-0.13897335529327393, 0.2518051266670227, -0.8612229824066162, -0.367898091673851, 0.6782315373420715, 0.0858016312122345], [-0.14008113741874695, 0.25472357869148254, -0.9512526392936707, -0.36415015161037445, 0.673931747674942, -0.04742920398712158], [-0.12214714288711548, 0.25612929463386536, -0.927266001701355, -0.3526822179555893, 0.6765017807483673, 0.04733461141586304], [-0.1224195659160614, 0.2559802085161209, -0.9391822218894958, -0.3537401705980301, 0.6765338629484177, -0.10526084899902344], [-0.12020736932754517, 0.2500306963920593, -0.9639138579368591, -0.3544766902923584, 0.6780790090560913, -0.07520812749862671], [-0.12833338975906372, 0.2479543834924698, -0.9631205201148987, -0.35869553685188293, 0.6774135082960129, 0.0687096118927002], [-0.12475284934043884, 0.2503914535045624, -0.966195285320282, -0.36373579502105713, 0.6978147923946381, 0.0011884570121765137], [-0.12938818335533142, 0.2501372694969177, -0.9368758201599121, -0.37611375004053116, 0.7259014248847961, 0.06306171417236328], [-0.13271400332450867, 0.2517433166503906, -0.9483468532562256, -0.37922099232673645, 0.6964329779148102, 0.1294383406639099], [-0.12182492017745972, 0.2551524192094803, -0.8981620073318481, -0.3678700625896454, 0.6954194456338882, -0.010970354080200195], [-0.12365329265594482, 0.2544938921928406, -0.9167948365211487, -0.3683396205306053, 0.6899230182170868, 0.038458943367004395], [-0.12321648001670837, 0.2543104588985443, -0.8613483309745789, -0.369143046438694, 0.689567357301712, 0.17089170217514038], [-0.12422627210617065, 0.254406675696373, -0.8868550658226013, -0.3712198957800865, 0.693784162402153, -0.008091330528259277]], "data_reduce_dim": [[1.0796617425657162, 0.8032123449527049, 1.3553026208124184, -0.07069270835967201, 0.24074902000872278, -0.8411914482166719], [0.8032123449527049, 2.7585414061867084, -3.6532884288855474, -2.390340324349934, 4.64149755163172, -0.8387154739753286], [1.3553026208124184, -3.6532884288855474, 11.829772548877386, 4.945310330205306, -9.32212504941839, -0.48031131567036717], [-0.07069270835967201, -2.390340324349934, 4.945310330205306, 2.5368311701562853, -4.846892085115117, 0.2623672640692886], [0.24074902000872278, 4.64149755163172, -9.32212504941839, -4.846892085115117, 9.275561874142424, -0.6117927731605942], [-0.8411914482166719, -0.8387154739753286, -0.48031131567036717, 0.2623672640692886, -0.6117927731605942, 0.9966886473481925]], "joints_tracked_reference": [0], "joints_tracked": [15, 16], "joints_trigger_reference": [9], "joints_trigger": [4, 8, 12, 16, 20], "par_trigger_dist": 0.025, "par_trigger_length": 15, "time_gest": 4.033728122711182, "time_classifier": 0.0}, {"answer_predict": "F", "data_pose_track": [[0.4227803647518158, 0.59454445540905, 0.1212417483329773, -0.3334157392382622, 0.6581405252218246, -0.3488682508468628], [0.4231649935245514, 0.5952732712030411, 0.14643138647079468, -0.3310892730951309, 0.6562233120203018, -0.33195847272872925], [0.42315563559532166, 0.5954907834529877, 0.0534479022026062, -0.33174873143434525, 0.6535162031650543, -0.34133005142211914], [0.4221373498439789, 0.5950740575790405, 0.08186215162277222, -0.33168748766183853, 0.6623619794845581, -0.28001701831817627], [0.23776894807815552, 0.45393554866313934, -0.2663348317146301, -0.36609097570180893, 0.6575606912374496, 0.07788467407226562], [-0.00042891502380371094, 0.33576709032058716, -0.2947561740875244, -0.39372827112674713, 0.6829295754432678, 0.6586923003196716], [-0.10793057084083557, 0.2564244270324707, -0.8545711636543274, -0.3774208128452301, 0.6848544180393219, 0.286035418510437], [-0.12554672360420227, 0.2384280413389206, -0.9112666249275208, -0.4301540032029152, 0.7060232907533646, 0.023894131183624268], [-0.12438639998435974, 0.239301398396492, -1.0293476581573486, -0.4191935881972313, 0.6986708790063858, -0.0016282200813293457], [-0.11935216188430786, 0.2349698543548584, -0.9494422674179077, -0.4064507931470871, 0.7006374001502991, 0.09585726261138916], [-0.11173644661903381, 0.2391286939382553, -1.000120997428894, -0.4116770848631859, 0.724273607134819, 0.13206177949905396], [-0.10639959573745728, 0.2424996793270111, -0.9457492232322693, -0.3962522819638252, 0.6947236359119415, 0.11257976293563843], [-0.10479912161827087, 0.24739326536655426, -0.9150802493095398, -0.392708957195282, 0.6880229264497757, 0.06234169006347656], [-0.10351300239562988, 0.24606475234031677, -0.9235352277755737, -0.3837026506662369, 0.6891282200813293, 0.18522164225578308], [-0.0993787944316864, 0.24714091420173645, -0.8617433905601501, -0.37545493990182877, 0.6921363770961761, 0.23237967491149902], [-0.09983006119728088, 0.24687105417251587, -0.8421134352684021, -0.37128501385450363, 0.6916528344154358, 0.26073846220970154], [-0.09618139266967773, 0.24705787003040314, -0.7213847637176514, -0.36548519879579544, 0.693917915225029, 0.2722773849964142], [-0.10054990649223328, 0.2470531463623047, -0.7541325092315674, -0.37217123061418533, 0.6840905249118805, 0.29020676016807556], [-0.0998399555683136, 0.24690181016921997, -0.7635831832885742, -0.3863578736782074, 0.716050535440445, 0.30326971411705017], [-0.0996437668800354, 0.2462306171655655, -0.795609712600708, -0.38178829103708267, 0.6927357465028763, 0.25691020488739014]], "data_reduce_dim": [[0.9333385741810973, 0.7479026389728007, 1.4295005933936675, -0.06034651517841039, 0.22289772303559818, -0.790293355666857], [0.7479026389728007, 2.5738569493937256, -2.9778645614342567, -2.4259880933673124, 4.479872559887633, 0.10156661412484125], [1.4295005933936675, -2.9778645614342567, 11.067106606102637, 4.891190301200114, -8.665122277569449, -2.440238578932332], [-0.06034651517841039, -2.4259880933673124, 4.891190301200114, 2.8721954511849095, -5.196726830054317, -0.8133925094274372], [0.22289772303559818, 4.479872559887633, -8.665122277569449, -5.196726830054317, 9.429927848481432, 1.3920265646510628], [-0.790293355666857, 0.10156661412484125, -2.440238578932332, -0.8133925094274372, 1.3920265646510628, 1.4649644732142848]], "joints_tracked_reference": [0], "joints_tracked": [15, 16], "joints_trigger_reference": [9], "joints_trigger": [4, 8, 12, 16, 20], "par_trigger_dist": 0.025, "par_trigger_length": 15, "time_gest": 4.107832193374634, "time_classifier": 0.0}, {"answer_predict": "F", "data_pose_track": [[0.0, 0.0, 0.0, 0.0, 0.0, 0.0], [0.39614230394363403, 0.6172777414321899, 0.08799567818641663, -0.3092624992132187, 0.632297933101654, -0.28375762701034546], [0.3935655951499939, 0.6162826418876648, 0.06827917695045471, -0.31040938943624496, 0.6316345930099487, -0.301785945892334], [0.39110657572746277, 0.6135090440511703, 0.03958690166473389, -0.3083075135946274, 0.6334096044301987, -0.3044496774673462], [0.3925645351409912, 0.6114607900381088, -0.0651530921459198, -0.3086230382323265, 0.612902507185936, -0.37816014885902405], [0.40141531825065613, 0.6102084815502167, -0.10352200269699097, -0.31853412091732025, 0.6150083243846893, -0.3538818359375], [0.40141531825065613, 0.6102084815502167, -0.10352200269699097, -0.31853412091732025, 0.6150083243846893, -0.3538818359375], [-0.04830867052078247, 0.25054626166820526, -0.7803583741188049, -0.39597053825855255, 0.6291794925928116, -0.22720980644226074], [-0.12768259644508362, 0.23410838842391968, -0.9804239273071289, -0.39656177908182144, 0.6357730329036713, -0.4309043288230896], [-0.11713045835494995, 0.24459154903888702, -1.0599888563156128, -0.38988353312015533, 0.6417442411184311, -0.3956249952316284], [-0.10976818203926086, 0.252620205283165, -1.042816698551178, -0.3833630755543709, 0.6445344835519791, -0.44391053915023804], [-0.10844802856445312, 0.25376906991004944, -1.053772896528244, -0.3717734143137932, 0.6457076072692871, -0.42789873480796814], [-0.0987095832824707, 0.2515031099319458, -1.020059883594513, -0.36688824743032455, 0.6464241147041321, -0.40640145540237427], [-0.09429970383644104, 0.25748400390148163, -0.9681237936019897, -0.36423517018556595, 0.6462566703557968, -0.32700544595718384], [-0.06767156720161438, 0.25214529037475586, -0.9604149460792542, -0.33742814511060715, 0.6498827338218689, -0.1752045750617981], [-0.06037148833274841, 0.25301359593868256, -0.926490306854248, -0.33176738023757935, 0.6485197395086288, -0.1725836992263794], [-0.0685979425907135, 0.2483290135860443, -0.9404094815254211, -0.331208311021328, 0.6474305093288422, -0.1914030909538269], [-0.06361153721809387, 0.2532479017972946, -0.9105299115180969, -0.3329658508300781, 0.6468348950147629, -0.16726577281951904], [-0.06774362921714783, 0.25066474080085754, -0.8498192429542542, -0.3318825587630272, 0.6465945541858673, -0.08211970329284668], [-0.0647604763507843, 0.2539355158805847, -0.9187108278274536, -0.3265494480729103, 0.6466951370239258, -0.19918292760849], [-0.058381617069244385, 0.2514222413301468, -0.8806436657905579, -0.32989705353975296, 0.6452314704656601, -0.11842375993728638], [-0.06088724732398987, 0.25372402369976044, -0.865824818611145, -0.32731399685144424, 0.6449868530035019, -0.10857659578323364]], "data_reduce_dim": [[1.0488395996608242, 1.1529205440953048, 1.14084953074366, -0.3041671615422472, 0.6975733161864524, -0.42636112988360075], [1.1529205440953048, 3.1992952678019275, -3.594582904886003, -2.481162017668029, 4.717314973379726, -2.1789690586592116], [1.14084953074366, -3.594582904886003, 13.494731502109882, 5.056989919670024, -9.168682773523544, 3.8159129670996332], [-0.3041671615422472, -2.481162017668029, 5.056989919670024, 2.480986647428773, -4.593021493496138, 2.0323881957155225], [0.6975733161864524, 4.717314973379726, -9.168682773523544, -4.593021493496138, 8.56099318746514, -3.7234383426420634], [-0.42636112988360075, -2.1789690586592116, 3.8159129670996332, 2.0323881957155225, -3.7234383426420634, 1.9011484389184776]], "joints_tracked_reference": [0], "joints_tracked": [15, 16], "joints_trigger_reference": [9], "joints_trigger": [4, 8, 12, 16, 20], "par_trigger_dist": 0.025, "par_trigger_length": 15, "time_gest": 4.180391550064087, "time_classifier": 0.0}], "I": [{"answer_predict": "I", "data_pose_track": [[0.0, 0.0, 0.0, 0.0, 0.0, 0.0], [0.0, 0.0, 0.0, 0.0, 0.0, 0.0], [0.0, 0.0, 0.0, 0.0, 0.0, 0.0], [0.0, 0.0, 0.0, 0.0, 0.0, 0.0], [0.0, 0.0, 0.0, 0.0, 0.0, 0.0], [0.37467706203460693, 0.5593826025724411, -0.25510701537132263, -0.3891817629337311, 0.49117879569530487, -0.6747286021709442], [0.37803447246551514, 0.580148234963417, -0.2438170611858368, -0.3862132281064987, 0.49138225615024567, -0.7152841985225677], [0.3804791569709778, 0.588277742266655, -0.24690014123916626, -0.3854304701089859, 0.49186019599437714, -0.6838908791542053], [0.38601142168045044, 0.5986800789833069, -0.23249536752700806, -0.39573031663894653, 0.48896878957748413, -0.6801517605781555], [0.37798482179641724, 0.5961337983608246, -0.2665490508079529, -0.38570813834667206, 0.4900740683078766, -0.6190574765205383], [0.3235971927642822, 0.6027352660894394, -0.2368122935295105, -0.3774110674858093, 0.49367956817150116, -0.4753592014312744], [0.2760511636734009, 0.6041533946990967, -0.32427194714546204, -0.4306311756372452, 0.4854627847671509, -0.44289490580558777], [0.26661282777786255, 0.5945706218481064, -0.42740991711616516, -0.4641069322824478, 0.4808944910764694, -0.2279835045337677], [0.2630932331085205, 0.5904763787984848, -0.31820768117904663, -0.45885640382766724, 0.47905687987804413, -0.1052401065826416], [0.27823930978775024, 0.5874015539884567, -0.3162163197994232, -0.4553956240415573, 0.4779239147901535, -0.1719849705696106], [0.2724623680114746, 0.5860744416713715, -0.319595605134964, -0.4570658355951309, 0.4777691066265106, -0.2077535092830658], [0.2711458206176758, 0.584045484662056, -0.31347227096557617, -0.4544137120246887, 0.47605015337467194, -0.2090701460838318], [0.2769075632095337, 0.5827109515666962, -0.33020298182964325, -0.4513742923736572, 0.4754085838794708, -0.2219737023115158], [0.2718968391418457, 0.5858173817396164, -0.2939402759075165, -0.44768325984477997, 0.4748981446027756, -0.2006913423538208], [0.27339839935302734, 0.5874326080083847, -0.2636145353317261, -0.4422599822282791, 0.474365696310997, -0.19157758355140686], [0.27268487215042114, 0.5863842368125916, -0.2814213037490845, -0.444893553853035, 0.4732517600059509, -0.19873887300491333], [0.2740715742111206, 0.58450648188591, -0.260756254196167, -0.4467804282903671, 0.4716748297214508, -0.19449368119239807], [0.27291589975357056, 0.589612141251564, -0.22946074604988098, -0.4459150582551956, 0.4710034281015396, -0.15747183561325073], [0.2780364155769348, 0.5889451950788498, -0.23138666152954102, -0.44886285066604614, 0.47102098166942596, -0.15290331840515137], [0.27739787101745605, 0.5884850770235062, -0.31697404384613037, -0.4478480815887451, 0.4707229286432266, -0.17718172073364258]], "data_reduce_dim": [[1.8698890014855323, 3.555576332558906, -1.7025881648325267, -2.579055735155716, 2.9100314599620267, -2.2162065583549904], [3.555576332558906, 6.923564616840131, -3.35928714717453, -5.068587952699627, 5.651713379584297, -3.9444723688969527], [-1.7025881648325267, -3.35928714717453, 1.6749390789831315, 2.476409248899968, -2.740291145925618, 1.8290702146953752], [-2.579055735155716, -5.068587952699627, 2.476409248899968, 3.7293479145798445, -4.134289402423965, 2.771162687892609], [2.9100314599620267, 5.651713379584297, -2.740291145925618, -4.134289402423965, 4.615643452803711, -3.253043211478984], [-2.2162065583549904, -3.9444723688969527, 1.8290702146953752, 2.771162687892609, -3.253043211478984, 3.1652067930921364]], "joints_tracked_reference": [0], "joints_tracked": [15, 16], "joints_trigger_reference": [9], "joints_trigger": [4, 8, 12, 16, 20], "par_trigger_dist": 0.025, "par_trigger_length": 15, "time_gest": 4.0425920486450195, "time_classifier": 0.0}, {"answer_predict": "I", "data_pose_track": [[0.38499975204467773, 0.6050034761428